6100 0 1 1
10
183 1 6
299 1 2
309 1 4
384 1 2
411 1 2
432 1 10
682 1 1
1115 1 4
1607 1 6
1818 1 3
2065 1 6
2416 1 2
2901 1 10
3457 1 8
4151 1 6
4529 1 7
5082 1 5
5280 1 4
5437 1 10
5697 1 5
5838 1 10
6056 1 3
4256 2 8
4267 2 9
4406 2 7
4561 2 7
4614 2 9
4635 2 1
4694 2 8
4716 2 9
4848 2 3
5043 2 4
5377 2 2
5458 2 2
5583 2 1
5622 2 7
5646 2 1
5655 2 6
5678 2 9
6054 2 10
6092 2 3
164 3 4
1612 3 10
3904 3 3
4975 3 4
5049 3 4
177 4 4
208 4 5
211 4 4
251 4 7
259 4 8
276 4 6
278 4 9
284 4 6
302 4 1
404 4 7
451 4 10
1099 4 7
1248 4 1
1608 4 4
1686 4 4
2362 4 10
2439 4 10
2506 4 4
2926 4 7
2955 4 9
3099 4 1
3162 4 8
3621 4 3
3648 4 3
3795 4 10
3991 4 8
4339 4 2
4359 4 8
4746 4 4
4978 4 4
5663 4 2
6053 4 3
6081 4 9
165 5 2
246 5 10
460 5 3
479 5 10
613 5 3
1068 5 6
1661 5 6
1689 5 6
2005 5 6
3025 5 9
3375 5 5
4206 5 7
4361 5 6
4836 5 5
4854 5 3
4873 5 2
5180 5 4
5478 5 8
10 6 9
21 6 9
80 6 10
252 6 10
276 6 7
364 6 7
392 6 7
422 6 3
443 6 6
662 6 7
850 6 6
1128 6 9
1466 6 2
1480 6 5
1708 6 2
1821 6 6
1979 6 8
2326 6 10
2362 6 4
2458 6 8
2545 6 2
2704 6 6
2877 6 10
2920 6 3
3769 6 7
3972 6 4
3982 6 4
4027 6 3
4282 6 3
4370 6 10
4463 6 6
5189 6 7
5503 6 7
5511 6 9
5653 6 8
5821 6 6
951 7 1
2132 7 4
31 8 10
41 8 5
69 8 8
78 8 8
162 8 10
265 8 1
275 8 7
277 8 8
289 8 5
296 8 5
325 8 2
394 8 6
436 8 7
451 8 10
476 8 2
607 8 5
1146 8 2
2263 8 10
2875 8 8
3340 8 2
3745 8 9
3853 8 1
4062 8 5
4670 8 4
4917 8 9
5020 8 1
5422 8 2
5779 8 3
5847 8 8
6050 8 3
6063 8 5
6088 8 6
160 9 3
209 9 6
463 9 7
616 9 4
2287 9 5
4574 9 9
4920 9 7
5650 10 4
5782 10 7
5783 10 1
5821 10 5
5880 10 9
5949 10 9
6001 10 7
6002 10 2
6011 10 5
6056 10 1
6093 10 1
6097 10 1
84 11 3
144 11 2
317 11 1
338 11 2
371 11 4
402 11 10
406 11 4
407 11 9
705 11 4
721 11 10
783 11 5
816 11 9
819 11 4
945 11 6
1070 11 5
1697 11 9
1884 11 4
2097 11 6
2150 11 5
2535 11 8
2599 11 10
2610 11 8
2749 11 8
2963 11 3
3339 11 5
3490 11 1
4289 11 2
4317 11 8
4578 11 6
4621 11 5
4644 11 3
5454 11 8
5520 11 6
5913 11 2
420 12 8
76 13 9
365 13 7
651 13 4
1072 13 3
2449 13 10
2619 13 8
4100 13 1
4556 13 4
16 15 6
58 15 6
209 15 10
341 15 10
431 15 6
881 15 8
1593 15 1
2147 15 2
2942 15 7
3070 15 8
3533 15 1
4326 15 7
5030 15 6
5071 15 1
58 16 8
223 16 4
881 16 2
957 16 4
1593 16 9
1920 16 10
2147 16 3
2942 16 9
3070 16 9
3533 16 6
4326 16 4
4566 16 2
4995 16 10
5071 16 3
155 17 2
246 17 2
247 17 1
329 17 7
341 17 5
392 17 2
524 17 9
527 17 7
685 17 1
895 17 8
1267 17 2
1291 17 2
1520 17 2
1595 17 6
1724 17 1
1780 17 10
1954 17 5
2314 17 6
2564 17 7
3110 17 2
3697 17 2
3974 17 10
4084 17 9
4135 17 6
4215 17 10
4345 17 3
4790 17 3
4791 17 5
4874 17 10
4926 17 1
5119 17 4
5279 17 4
5332 17 2
5789 17 7
5829 17 10
225 18 4
371 18 1
377 18 7
657 18 1
1124 18 9
1389 18 5
1855 18 6
1982 18 8
2058 18 2
2085 18 5
2168 18 8
2811 18 3
2915 18 8
4091 18 1
4414 18 1
4533 18 4
4543 18 7
4631 18 9
4900 18 6
5540 18 2
5699 18 5
5755 18 2
5777 18 2
2420 19 1
4059 19 4
5238 19 5
5856 19 1
80 20 2
106 20 10
329 20 5
525 20 4
544 20 10
612 20 8
871 20 2
929 20 5
1082 20 9
1522 20 1
1592 20 10
1650 20 7
1758 20 8
1783 20 4
2018 20 3
2288 20 6
2313 20 3
2600 20 4
2609 20 7
2660 20 5
2675 20 2
3211 20 1
3579 20 7
3723 20 6
3964 20 7
4027 20 8
4452 20 4
4555 20 1
4560 20 6
4874 20 8
5102 20 4
5183 20 10
5462 20 8
5789 20 3
5961 20 4
6065 20 6
4052 21 3
4105 21 9
4172 21 3
4370 21 1
4373 21 1
4601 21 4
4696 21 5
4991 21 8
5011 21 10
5084 21 6
5208 21 4
5283 21 3
5289 21 4
5303 21 10
5337 21 3
5503 21 1
5734 21 4
5821 21 10
352 22 3
709 22 1
1038 22 6
1289 22 3
1579 22 4
1858 22 5
2123 22 5
2496 22 5
3117 22 7
3428 22 9
3936 22 6
3966 22 1
4130 22 6
4162 22 7
4181 22 1
4420 22 5
4444 22 10
4448 22 6
4892 22 4
5029 22 9
5335 22 10
152 23 4
340 23 10
396 23 5
1982 23 6
2653 23 3
3085 23 2
3751 23 2
3753 23 10
5007 23 7
5139 23 3
5984 23 3
343 24 9
374 24 6
382 24 4
443 24 9
449 24 1
757 24 6
1133 24 8
1505 24 6
1992 24 10
2419 24 4
4102 24 1
4213 24 3
4227 24 10
4282 24 3
5911 24 1
244 25 6
532 26 10
533 26 1
646 26 4
849 26 1
1663 26 2
1675 26 10
1864 26 10
2326 26 9
3101 26 4
3453 26 7
3941 26 10
4353 26 6
4600 26 10
4772 26 3
4915 26 8
4961 26 10
5085 26 3
76 27 10
107 27 4
205 27 5
343 27 5
349 27 2
397 27 9
431 27 5
468 27 2
475 27 8
1121 27 9
1701 27 1
2302 27 1
2376 27 8
2597 27 2
2779 27 5
3029 27 5
3042 27 8
3062 27 10
3518 27 1
5201 27 1
5500 27 8
5908 27 9
149 28 4
177 28 6
204 28 1
251 28 4
266 28 9
291 28 3
404 28 9
446 28 9
735 28 5
1647 28 2
1943 28 7
1971 28 8
2426 28 6
2482 28 2
2494 28 7
3022 28 10
3264 28 3
3608 28 6
3746 28 6
4359 28 7
4497 28 2
5130 28 10
5410 28 9
5436 28 8
5562 28 3
5660 28 8
5745 28 7
6026 28 9
51 29 3
348 29 9
438 29 4
480 29 2
1127 29 9
1472 29 9
1605 29 5
2274 29 9
2976 29 1
3000 29 8
3206 29 4
3291 29 10
3298 29 8
3302 29 3
3378 29 5
3481 29 1
4269 29 10
4866 29 5
4905 29 6
5110 29 8
5969 29 9
32 30 1
132 30 8
678 30 2
3156 30 8
3896 30 10
5482 30 9
69 31 5
184 31 6
275 31 5
277 31 9
541 31 6
1418 31 7
2360 31 9
3340 31 4
3591 31 7
3771 31 3
4062 31 1
4405 31 6
5020 31 1
5099 31 2
5676 31 4
6063 31 5
132 32 1
644 33 4
3722 33 9
5762 33 6
38 34 3
105 34 8
206 34 7
268 34 3
282 34 2
867 34 6
1040 34 4
1048 34 5
2028 34 10
2365 34 7
2912 34 10
3104 34 4
3134 34 3
3285 34 9
3316 34 5
3732 34 8
3855 34 5
4620 34 10
4666 34 2
4922 34 8
5765 34 6
6046 34 4
130 35 8
136 35 5
211 35 2
1990 35 5
2930 35 9
3858 35 7
5055 35 6
5107 35 6
5715 35 4
160 36 6
202 36 8
212 36 8
414 36 8
460 36 6
3627 36 5
5749 36 9
268 37 5
384 37 10
391 37 5
762 37 7
1221 37 3
1607 37 5
2411 37 1
3512 37 3
3767 37 4
4585 37 10
5645 37 7
184 38 6
206 38 9
404 38 2
446 38 4
478 38 5
515 38 2
737 38 10
1249 38 1
1818 38 1
1824 38 5
2159 38 5
2170 38 10
2326 38 5
2541 38 6
2686 38 10
2750 38 6
3006 38 4
3132 38 3
3148 38 5
3168 38 1
3207 38 6
3498 38 5
3836 38 8
4022 38 3
4141 38 10
4704 38 6
4776 38 1
4802 38 6
5022 38 1
5166 38 8
52 39 3
397 39 2
1891 39 3
2112 39 9
3259 39 10
3724 39 7
4041 39 1
4071 39 6
127 40 10
815 40 4
1050 40 7
3042 40 9
3641 40 2
4111 40 6
4358 40 10
4815 40 8
5860 40 3
69 41 8
325 41 9
567 41 7
601 41 9
2317 41 6
2389 41 1
2447 41 10
2792 41 1
3860 41 2
4066 41 9
4950 41 9
5577 41 9
5841 41 7
5967 41 1
51 42 4
56 42 7
231 42 2
244 42 10
342 42 2
354 42 4
621 42 10
660 42 2
990 42 3
991 42 1
992 42 4
1216 42 3
1272 42 3
2216 42 9
2677 42 2
2706 42 8
3023 42 7
3363 42 5
3638 42 3
4316 42 7
4348 42 1
4412 42 10
4779 42 9
4823 42 5
5081 42 6
5252 42 5
5472 42 4
5497 42 2
5810 42 3
5916 42 6
94 43 9
1079 43 8
1932 43 6
4717 43 3
5658 43 3
3983 44 8
4148 44 3
4166 44 7
4403 44 7
4457 44 7
4478 44 7
4547 44 3
4550 44 2
4711 44 6
4858 44 5
4915 44 9
5009 44 2
5155 44 5
5209 44 1
5301 44 3
5331 44 1
5411 44 2
5495 44 6
5589 44 9
5820 44 10
5905 44 4
64 45 1
340 45 2
783 45 9
844 45 6
1403 45 7
80 46 6
121 46 5
197 46 4
198 46 8
280 46 7
412 46 10
424 46 9
451 46 1
460 46 3
1831 46 6
2353 46 10
2369 46 5
2439 46 10
2594 46 4
2682 46 8
2707 46 1
3125 46 1
3476 46 1
3961 46 5
4304 46 7
5621 46 4
5782 46 8
404 47 3
504 47 1
835 47 3
1426 47 8
1689 47 1
4339 47 8
4657 47 7
4989 47 5
5907 47 9
77 48 3
136 48 9
207 48 3
972 48 8
1921 48 8
2436 48 6
2499 48 4
3711 48 6
3900 48 7
4045 48 2
4325 48 2
4655 48 8
5072 48 6
5475 48 10
314 49 9
366 49 6
1886 49 5
2617 49 5
3121 49 10
6085 49 2
320 50 7
480 50 5
768 50 9
1123 50 10
1633 50 2
3556 50 9
4569 50 6
5413 50 2
55 51 8
295 51 10
438 51 1
480 51 5
501 51 7
586 51 9
810 51 8
1084 51 5
1114 51 3
1127 51 8
1218 51 8
1219 51 8
1286 51 4
1416 51 2
1452 51 6
1472 51 1
1482 51 10
1545 51 3
1563 51 1
1805 51 7
1956 51 8
1960 51 2
2023 51 5
2324 51 10
2521 51 5
2801 51 7
3257 51 1
3412 51 3
3451 51 3
3549 51 7
3569 51 3
4095 51 7
4437 51 9
4502 51 10
4529 51 6
4668 51 8
4947 51 9
4999 51 1
5151 51 9
5697 51 4
5815 51 6
305 52 4
308 52 1
324 52 2
397 52 9
475 52 1
1218 52 2
1891 52 9
2112 52 9
2380 52 4
2793 52 4
3311 52 8
3312 52 4
3491 52 2
3912 52 7
5003 52 9
5448 52 6
5496 52 5
5757 52 6
6076 52 4
176 53 4
452 53 1
1020 53 2
1053 53 5
1811 53 1
2029 53 9
2448 53 6
3145 53 9
3446 53 9
3687 53 10
4280 53 7
5305 53 8
5596 53 10
78 54 7
138 54 9
162 54 8
197 54 6
364 54 5
572 54 8
584 54 8
605 54 7
1152 54 3
2416 54 8
3233 54 8
3849 54 8
4204 54 9
4893 54 4
4972 54 6
5769 54 5
5995 54 5
184 55 4
306 55 7
412 55 5
420 55 1
459 55 7
2826 55 1
342 56 9
1144 56 8
381 57 3
453 57 6
6089 57 2
113 58 10
126 58 4
137 58 10
161 58 7
162 58 8
168 58 5
174 58 5
184 58 1
223 58 3
274 58 2
280 58 4
314 58 2
364 58 8
370 58 7
386 58 1
420 58 8
422 58 5
881 58 8
984 58 5
1393 58 10
1720 58 2
2300 58 2
4326 58 10
4563 58 10
4633 58 10
5056 58 3
327 60 6
348 60 9
472 60 2
506 60 2
507 60 9
595 60 4
622 60 5
625 60 7
1147 60 9
1192 60 10
1936 60 9
2094 60 5
2126 60 1
2353 60 8
2522 60 8
2527 60 6
2636 60 1
2772 60 10
3135 60 7
3293 60 5
3643 60 9
4378 60 2
5083 60 7
5395 60 6
5683 60 3
5709 60 5
62 61 3
164 61 5
298 61 9
455 61 7
553 61 9
1892 61 3
2001 61 10
3163 61 1
5371 61 3
5417 61 8
5828 61 3
4986 62 2
5095 62 8
5137 62 2
5374 62 5
5382 62 8
5402 62 1
5410 62 2
5489 62 3
5508 62 4
5573 62 9
5733 62 3
5778 62 5
5905 62 1
298 63 6
343 63 9
360 63 2
363 63 7
485 63 3
853 63 3
1430 63 5
2062 63 1
2425 63 2
2709 63 2
2995 63 6
3729 63 4
4643 63 10
4763 63 2
5849 63 3
6039 63 4
340 64 3
783 64 1
844 64 7
1403 64 8
1448 64 5
1801 64 6
1890 64 10
2938 64 4
3058 64 4
5484 64 10
149 65 6
1457 65 3
1488 65 1
5401 65 2
5575 65 3
206 66 8
369 66 7
2974 66 5
5211 66 10
207 67 9
332 67 9
554 67 10
1309 67 8
2127 67 7
2300 67 10
2395 67 4
2684 67 1
2736 67 3
3213 67 1
5147 67 9
365 68 9
659 68 9
2931 68 1
5073 68 9
5842 68 4
3999 69 10
4062 69 1
4066 69 10
4067 69 7
4310 69 8
4455 69 2
4563 69 8
4670 69 8
4695 69 4
4838 69 6
4839 69 9
4936 69 3
4950 69 10
5217 69 7
5422 69 10
5574 69 10
5577 69 9
5676 69 9
5802 69 6
5871 69 7
5967 69 3
6000 69 9
6088 69 8
80 70 4
97 70 10
210 70 5
227 70 1
584 70 8
875 70 4
1266 70 2
2259 70 5
2481 70 1
2532 70 3
3059 70 4
3060 70 8
3297 70 10
3299 70 10
3462 70 1
3620 70 2
3721 70 7
4221 70 8
4222 70 6
4388 70 4
4889 70 10
5053 70 5
5348 70 6
5384 70 8
5394 70 4
5991 70 10
126 71 8
161 71 8
174 71 10
191 71 9
223 71 2
269 71 6
327 71 3
370 71 4
386 71 9
424 71 7
479 71 3
507 71 10
799 71 6
826 71 8
1068 71 9
1554 71 3
1734 71 4
2959 71 2
3253 71 5
3340 71 7
3465 71 7
3467 71 7
3520 71 8
3656 71 5
4283 71 4
4711 71 10
4982 71 8
5100 71 1
155 72 8
296 72 3
394 72 8
4307 72 5
324 73 8
904 73 3
1306 73 5
2222 73 4
2475 73 2
2629 73 1
2666 73 1
3415 73 4
3976 73 2
4426 73 7
4617 73 7
4945 73 2
5058 73 7
5582 73 7
6014 73 5
78 74 9
162 74 10
193 74 3
856 74 9
1093 74 9
1152 74 6
1222 74 10
1358 74 10
1594 74 2
1705 74 6
2129 74 7
2271 74 5
2284 74 4
2417 74 8
2478 74 9
2584 74 9
3422 74 7
3950 74 2
4096 74 2
4484 74 9
4524 74 8
5404 74 1
5486 74 7
5841 74 6
5861 74 1
5997 74 9
252 75 1
313 75 7
443 75 8
5027 76 3
5045 76 9
5073 76 3
5206 76 8
5435 76 9
5488 76 6
5619 76 8
5673 76 4
5691 76 1
5889 76 7
6022 76 4
4841 77 10
4942 77 9
4954 77 8
5072 77 6
5074 77 9
5079 77 1
5221 77 9
5255 77 7
5702 77 9
5707 77 6
5721 77 2
5931 77 6
5946 77 2
5996 77 7
6055 77 9
4085 78 8
4187 78 9
4284 78 4
4493 78 1
4500 78 7
4616 78 4
4718 78 2
4780 78 2
4846 78 4
4902 78 9
4935 78 7
4976 78 4
5008 78 2
5089 78 7
5210 78 6
5251 78 8
5279 78 9
5362 78 1
5749 78 2
5968 78 2
129 79 6
144 79 4
216 79 7
231 79 9
342 79 10
415 79 8
1100 79 8
1583 79 3
1644 79 8
1703 79 1
2166 79 3
2273 79 6
2623 79 4
2625 79 5
3383 79 3
3398 79 10
3433 79 10
4109 79 3
4446 79 4
5581 79 3
5685 79 4
5844 79 3
5892 79 5
5941 79 7
6051 79 7
96 80 10
162 80 3
183 80 2
184 80 1
194 80 3
197 80 8
208 80 3
252 80 3
280 80 7
314 80 7
364 80 1
394 80 5
443 80 10
451 80 5
456 80 7
544 80 4
631 80 10
728 80 8
875 80 10
961 80 8
1211 80 6
1415 80 7
1551 80 9
1718 80 5
1783 80 7
1928 80 2
2071 80 9
2393 80 9
2441 80 7
2546 80 6
2789 80 5
3026 80 6
3121 80 3
3163 80 1
3326 80 3
3586 80 1
3733 80 9
4027 80 8
4237 80 6
4478 80 1
4618 80 6
4740 80 4
4773 80 7
4889 80 4
4936 80 4
4991 80 9
5053 80 6
5621 80 9
5803 80 4
86 81 4
2789 81 1
121 82 7
296 82 9
434 82 9
441 82 8
460 82 7
485 82 10
591 82 8
751 82 2
763 82 10
765 82 5
859 82 9
1451 82 1
1582 82 7
1655 82 5
1770 82 4
1872 82 2
2102 82 7
2357 82 5
2608 82 9
2710 82 5
3063 82 1
3760 82 6
3789 82 10
4329 82 3
4909 82 2
4923 82 5
5053 82 1
5598 82 9
5701 82 6
6038 82 10
512 83 5
4438 83 4
116 84 7
256 84 4
371 84 2
721 84 6
783 84 5
882 84 9
1070 84 3
1206 84 1
1702 84 2
1786 84 5
2378 84 8
2450 84 9
2469 84 9
2947 84 6
3002 84 10
3175 84 7
3241 84 7
3562 84 4
3685 84 1
4317 84 9
4412 84 6
4548 84 4
4621 84 3
4632 84 10
4644 84 4
4678 84 4
4701 84 8
4720 84 7
4937 84 4
5609 84 10
313 85 4
602 85 6
1896 85 10
1988 85 8
2056 85 7
2159 85 7
2342 85 7
2769 85 10
3193 85 8
3335 85 6
3702 85 10
3928 85 2
3940 85 6
4087 85 5
4722 85 8
4972 85 9
5246 85 3
5294 86 9
5386 86 4
5449 86 2
5570 86 1
5579 86 2
5610 86 4
5656 86 2
5669 86 8
5683 86 4
5763 86 1
5799 86 10
5886 86 3
5948 86 7
5965 86 1
5978 86 6
6040 86 8
6066 86 3
6067 86 8
6085 86 4
89 87 6
172 87 2
173 87 6
324 87 8
862 87 7
887 87 2
1021 87 4
1035 87 2
1182 87 6
1445 87 4
1475 87 7
1667 87 5
1688 87 9
2232 87 10
2413 87 2
2626 87 10
2652 87 5
2804 87 8
3016 87 4
3045 87 9
3208 87 3
3488 87 2
3742 87 6
4065 87 2
4154 87 8
4178 87 9
4300 87 9
4362 87 1
4386 87 6
4404 87 3
4813 87 4
4882 87 8
4944 87 5
4990 87 10
5016 87 10
5056 87 2
5091 87 5
5672 87 8
5832 87 1
5859 87 6
184 88 9
1345 88 3
2990 88 6
4482 88 2
4864 88 5
172 89 5
173 89 5
1825 89 3
1961 89 1
3103 89 3
5292 89 1
166 90 5
252 90 7
357 90 2
473 90 3
883 90 7
1468 90 7
1935 90 8
2603 90 10
2893 90 3
3423 90 9
3866 90 3
4608 90 5
4725 90 2
4751 90 7
4921 90 1
4955 90 8
5511 90 2
252 91 6
280 91 7
535 91 6
816 91 8
1337 91 6
1436 91 2
1895 91 2
1902 91 7
2904 91 9
3102 91 8
3496 91 7
3677 91 5
3985 91 4
4421 91 1
4957 91 9
5019 91 7
5511 91 2
140 92 10
177 92 10
356 92 8
1462 92 3
2095 92 3
5510 92 6
231 93 1
609 93 5
2990 93 5
3409 93 1
4558 93 2
4887 93 4
4994 93 3
5376 93 8
342 94 4
549 94 7
1556 94 6
1573 94 7
2012 94 3
2180 94 3
2269 94 5
2587 94 8
2657 94 9
3309 94 4
3759 94 7
4137 94 1
4707 94 8
5375 94 2
5464 94 3
6079 94 4
196 95 2
272 95 10
285 95 5
365 95 4
388 95 10
719 95 3
742 95 1
947 95 8
1014 95 9
1287 95 8
2370 95 9
2375 95 1
2449 95 1
3229 95 8
3370 95 7
4316 95 6
4531 95 6
4636 95 2
4811 95 2
5292 95 1
5556 95 9
5735 95 4
184 96 2
365 96 1
448 96 5
727 96 5
909 96 1
1132 96 2
1669 96 5
1670 96 2
1844 96 9
2180 96 10
2466 96 10
2525 96 6
2749 96 5
3121 96 4
3304 96 7
3661 96 2
3862 96 9
4113 96 3
4156 96 9
4564 96 5
4618 96 3
4642 96 6
4731 96 3
4844 96 5
4896 96 1
5140 96 2
5477 96 10
5795 96 3
137 97 9
246 97 8
280 97 5
405 97 2
479 97 2
535 97 8
619 97 10
715 97 8
989 97 4
1056 97 9
1278 97 8
1340 97 7
1535 97 9
1672 97 5
1694 97 10
1766 97 5
2173 97 10
2267 97 7
2353 97 8
2425 97 4
2532 97 2
3816 97 5
4032 97 7
4178 97 5
4460 97 7
5419 97 9
5465 97 1
5822 97 10
442 98 5
466 98 1
1051 98 3
3010 98 9
3046 98 7
3098 98 5
3160 98 9
3913 98 4
4335 98 1
4520 98 4
5137 98 2
5547 98 1
5551 98 2
5559 98 5
5563 98 5
5828 98 7
6003 98 10
6020 98 4
156 99 8
348 99 6
441 99 7
485 99 10
1293 99 7
2274 99 7
2501 99 3
2547 99 8
2560 99 9
2643 99 3
3000 99 10
3137 99 10
3147 99 9
3544 99 6
3694 99 10
3712 99 7
3839 99 7
3893 99 1
4363 99 8
4408 99 1
4652 99 8
5875 99 2
147 100 8
220 100 5
236 100 7
1154 100 8
2248 100 2
2499 100 8
3791 100 6
5039 100 3
207 101 9
166 102 5
357 102 4
704 102 1
832 102 4
1105 102 7
1468 102 6
1469 102 10
1592 102 8
1750 102 2
2346 102 2
2586 102 8
2603 102 8
2891 102 1
3408 102 7
3548 102 10
3678 102 7
3683 102 5
4025 102 1
4257 102 6
4375 102 7
4422 102 2
4684 102 8
4891 102 10
4977 102 1
5196 102 8
5385 102 1
5421 102 2
184 103 5
457 103 9
2108 103 9
2508 103 3
2923 103 4
2983 103 7
3940 103 10
4173 103 1
4174 103 6
4640 103 5
4789 103 8
5259 103 8
5457 103 9
5975 103 8
139 104 3
164 104 1
343 104 6
382 104 3
449 104 9
579 104 3
729 104 8
1319 104 1
1386 104 3
1568 104 6
1600 104 5
1674 104 8
1733 104 5
1959 104 9
2275 104 1
2495 104 1
2704 104 2
3234 104 7
3673 104 4
3987 104 3
4261 104 7
4754 104 9
5381 104 8
6080 104 2
162 105 6
170 105 5
206 105 8
255 105 3
268 105 6
300 105 8
369 105 1
376 105 2
412 105 3
420 105 9
499 105 1
1228 105 8
3285 105 6
4365 105 4
5236 105 6
5330 105 9
5420 105 9
5635 105 6
6068 105 3
137 106 1
310 106 4
413 106 8
667 106 5
752 106 2
971 106 9
1016 106 3
1202 106 9
1384 106 3
1549 106 9
1596 106 6
1715 106 10
1823 106 3
1936 106 4
2018 106 9
2288 106 5
2304 106 10
2387 106 1
2539 106 9
2561 106 10
2637 106 7
2673 106 9
2890 106 6
2977 106 7
3009 106 8
3260 106 8
3579 106 7
3840 106 6
4101 106 5
4311 106 10
4467 106 3
4618 106 5
4696 106 7
4981 106 1
4985 106 3
5398 106 2
5501 106 9
5579 106 2
343 107 3
371 107 5
463 107 1
555 107 1
1059 107 6
1795 107 3
2114 107 8
2370 107 8
3731 107 5
4517 107 8
4522 107 2
5200 107 1
393 108 6
451 108 4
4046 108 5
5112 108 9
5225 108 3
5437 108 6
319 109 4
777 109 1
896 109 7
1096 109 9
1232 109 6
1285 109 1
1410 109 4
1652 109 10
1690 109 7
1691 109 2
1934 109 8
3227 109 7
3277 109 3
3452 109 6
3612 109 10
3644 109 3
4471 109 6
5606 109 7
686 110 6
1991 110 5
3288 110 2
145 111 5
266 111 5
1372 111 1
1658 111 7
1981 111 1
2371 111 8
2544 111 6
2830 111 9
3007 111 10
3332 111 4
4738 111 6
4986 111 7
5455 111 2
5571 111 1
5683 111 3
4145 112 8
5494 112 5
135 113 1
184 113 4
268 113 8
337 113 6
364 113 6
483 113 5
1125 113 2
1804 113 4
2352 113 7
2745 113 10
6002 113 4
182 114 1
233 114 2
365 114 2
448 114 8
516 114 5
843 114 4
1196 114 10
1347 114 1
2969 114 7
3925 114 2
4558 114 10
5668 114 1
5892 114 7
117 115 1
397 115 5
608 115 6
1171 115 2
1470 115 9
1721 115 9
1745 115 6
3593 115 2
4327 115 4
4814 115 2
5452 115 3
144 116 9
440 116 8
539 116 1
643 116 10
1060 116 10
2487 116 6
3568 116 8
4701 116 2
4822 116 5
4907 116 3
5584 116 8
5775 116 1
5805 116 3
136 117 7
173 117 8
210 117 9
264 117 6
397 117 6
416 117 4
547 117 10
1424 117 2
1744 117 1
2115 117 4
2438 117 3
3454 117 7
3560 117 8
5021 117 10
5041 117 4
5683 117 7
384 118 4
708 118 3
804 118 10
1845 118 7
2960 118 4
2961 118 4
4151 118 3
4550 118 8
4805 118 5
6006 118 4
177 119 2
251 119 10
2565 119 3
375 120 8
382 120 1
903 120 1
1163 120 8
2370 120 9
3900 120 1
3953 120 5
4908 120 5
155 121 2
162 121 3
187 121 5
199 121 10
246 121 7
296 121 8
299 121 2
306 121 8
349 121 5
411 121 3
434 121 8
436 121 8
441 121 10
460 121 3
763 121 4
1175 121 3
1451 121 9
1524 121 4
1582 121 6
1655 121 4
1872 121 7
2080 121 8
2130 121 10
2134 121 2
2198 121 5
2250 121 3
2523 121 6
2710 121 4
2795 121 7
3501 121 4
3566 121 10
3945 121 7
4329 121 7
4466 121 8
4781 121 1
4803 121 5
4923 121 10
5053 121 10
5088 121 8
5366 121 8
5441 121 2
5651 121 1
745 122 7
747 122 6
1515 122 10
1559 122 2
1606 122 2
1628 122 9
2086 122 10
2945 122 1
3092 122 7
3112 122 9
3782 122 5
4488 122 8
4499 122 1
4532 122 8
4856 122 4
5187 122 7
5241 122 7
5544 122 7
5743 122 6
5830 122 3
1411 123 2
1986 123 8
3624 123 10
3735 123 5
3745 123 7
4232 123 4
125 124 3
157 124 4
228 124 7
242 124 5
266 124 4
411 124 8
575 124 9
894 124 3
1010 124 5
1088 124 10
1307 124 3
1619 124 10
1740 124 9
1872 124 8
2198 124 4
2815 124 9
2906 124 8
3035 124 10
3165 124 7
3264 124 10
3524 124 2
3635 124 5
3636 124 8
3746 124 2
3826 124 8
3888 124 6
3965 124 8
4165 124 10
4201 124 5
4432 124 10
4897 124 9
5126 124 3
5446 124 4
5801 124 9
5865 124 5
6008 124 3
208 125 4
355 125 5
424 125 3
462 125 8
1561 125 7
1740 125 4
2162 125 1
2582 125 7
3608 125 4
3641 125 1
3727 125 6
3965 125 5
4809 125 2
5681 125 8
5746 125 7
145 126 1
155 126 10
161 126 1
174 126 6
175 126 8
184 126 4
223 126 7
224 126 7
269 126 9
282 126 4
298 126 8
327 126 9
329 126 3
334 126 10
355 126 6
370 126 2
386 126 8
393 126 6
412 126 2
420 126 7
422 126 10
424 126 8
460 126 5
1068 126 6
1104 126 4
1177 126 1
1215 126 4
1461 126 3
1848 126 1
1924 126 9
2353 126 1
2411 126 5
2991 126 10
3037 126 3
3271 126 1
3340 126 7
3380 126 10
3431 126 4
3788 126 7
4687 126 7
4793 126 5
4936 126 4
4982 126 5
5324 126 9
5554 126 10
5598 126 2
5899 126 4
287 127 7
384 127 2
618 127 3
921 127 10
1445 127 3
1865 127 7
1933 127 4
1949 127 1
2344 127 4
2503 127 10
3744 127 6
3875 127 7
4736 127 2
4845 127 4
5018 127 10
5850 127 4
342 129 1
1181 129 4
1772 129 4
1949 129 8
3744 129 6
4107 129 4
136 130 7
211 130 3
246 130 4
2435 130 1
2551 130 7
5345 130 9
365 131 6
965 131 4
1445 131 7
2862 131 7
4312 132 6
4328 132 9
4395 132 9
4480 132 2
4561 132 9
4625 132 2
4658 132 4
4849 132 5
4945 132 8
5056 132 5
5233 132 7
5576 132 5
5665 132 10
5749 132 9
5921 132 8
177 133 4
291 133 10
2958 133 3
5389 133 5
255 134 4
460 134 2
692 134 2
855 134 4
1110 134 6
4550 134 3
4981 134 9
337 135 1
420 135 9
481 135 3
5021 136 2
5051 136 4
5060 136 5
5133 136 6
5226 136 1
5367 136 9
5506 136 1
5522 136 2
5764 136 7
5973 136 9
5205 137 9
5438 137 6
5731 137 7
1355 138 2
1616 138 3
2322 138 2
2324 138 6
2723 138 1
3205 138 4
4451 138 10
4880 138 10
202 139 6
374 139 10
391 139 3
884 139 1
1063 139 4
1188 139 5
1256 139 3
1681 139 5
2045 139 8
2370 139 5
2503 139 9
2824 139 8
3364 139 2
3442 139 7
4288 139 4
4343 139 1
4785 139 3
5519 139 5
317 140 7
354 140 6
403 140 2
437 140 8
470 140 8
520 140 4
636 140 7
1001 140 10
1622 140 1
2054 140 5
2152 140 5
3031 140 7
3136 140 6
3808 140 5
4008 140 3
4024 140 3
4321 140 2
4412 140 8
4723 140 8
4784 140 1
4884 140 5
5322 140 3
195 141 8
330 141 1
177 142 2
302 142 1
330 142 1
420 142 5
435 142 1
2259 142 7
2408 142 6
2846 142 7
3005 142 4
3073 142 3
3217 142 1
3652 142 4
4131 142 8
4292 142 8
4384 142 5
4808 142 6
4991 142 3
5228 142 9
5299 142 8
5312 142 2
5585 142 3
5587 142 2
5813 142 5
283 144 4
342 144 9
371 144 9
529 144 6
882 144 1
982 144 1
1070 144 1
1193 144 4
1320 144 9
1741 144 3
2214 144 5
2295 144 6
2469 144 3
2487 144 5
3080 144 9
3098 144 6
3132 144 10
3184 144 5
3469 144 9
4590 144 9
4842 144 8
5108 144 10
5770 144 5
5919 144 2
5132 145 7
5310 145 2
5536 145 8
5887 145 9
6091 145 9
250 146 2
218 147 6
236 147 5
356 147 6
444 147 5
1236 147 2
1517 147 5
2354 147 7
3120 147 10
3296 147 2
3932 147 2
4086 147 10
4749 147 9
4885 147 5
5015 147 4
5947 147 6
460 148 5
469 148 1
1791 148 10
3820 148 6
177 149 6
251 149 10
266 149 5
284 149 3
302 149 2
351 149 2
404 149 10
878 149 5
1280 149 3
1360 149 6
2515 149 8
2596 149 6
2750 149 9
2813 149 3
3152 149 5
3264 149 3
3746 149 7
3822 149 2
3954 149 7
4339 149 6
4359 149 2
4550 149 4
4669 149 6
4737 149 10
4783 149 7
4979 149 4
5186 149 7
5317 149 5
5388 149 8
5894 149 6
174 150 6
291 150 4
710 150 2
1195 150 10
4352 150 1
4549 150 8
5318 150 4
5541 150 4
358 151 8
696 151 1
1555 151 8
1807 151 4
2203 151 7
2692 151 7
2751 151 2
2817 151 2
2913 151 5
3015 151 6
3371 151 4
4090 151 10
4963 151 3
5613 151 4
5766 151 6
6028 151 8
200 152 2
1500 152 3
1894 152 5
2757 152 8
3064 152 2
3224 152 8
199 153 10
258 153 1
332 153 10
430 153 5
451 153 3
460 153 7
1541 153 3
2765 153 5
3189 153 1
3340 153 9
3590 153 3
3779 153 4
4490 153 5
4786 153 9
5048 153 2
5216 153 5
5327 153 4
5473 153 8
5611 153 2
5626 153 1
5820 153 2
492 154 1
5343 154 8
5980 154 7
180 155 2
193 155 5
199 155 1
246 155 10
247 155 7
261 155 10
262 155 6
296 155 2
325 155 5
329 155 6
339 155 7
392 155 7
436 155 8
706 155 4
831 155 10
851 155 2
1068 155 10
1439 155 5
1696 155 1
2117 155 10
2763 155 9
2901 155 3
2946 155 8
2996 155 10
3340 155 2
3443 155 10
3745 155 7
3754 155 6
3758 155 6
3967 155 5
4304 155 10
4307 155 2
4695 155 5
4987 155 10
5251 155 7
5422 155 3
5676 155 10
5828 155 3
5870 155 4
5972 155 8
6064 155 4
210 156 2
257 156 5
298 156 10
314 156 4
334 156 10
557 156 9
1262 156 3
1408 156 7
2063 156 6
2304 156 9
2332 156 5
2498 156 5
2679 156 3
3050 156 6
3086 156 10
3140 156 4
3403 156 1
3669 156 7
3868 156 2
4068 156 1
4343 156 2
4473 156 7
4585 156 4
4652 156 3
4876 156 10
4934 156 10
5734 156 4
5782 156 5
5882 156 1
329 157 9
422 157 10
902 157 10
905 157 10
1244 157 9
1425 157 7
2070 157 8
3027 157 9
3035 157 4
3472 157 9
3548 157 8
3836 157 2
4341 157 4
4552 157 1
4682 157 9
5126 157 10
5632 157 9
1207 158 6
2334 158 6
2444 158 10
2758 158 7
3237 158 5
3616 158 2
4619 158 4
5358 158 9
5535 158 3
5756 158 3
5999 158 9
344 159 4
2220 159 6
2224 159 7
2654 159 10
4412 159 2
4462 159 1
4485 159 4
4568 159 6
4701 159 10
4822 159 8
6020 159 2
371 160 10
431 160 4
616 160 6
1210 160 1
1294 160 2
1860 160 3
1975 160 2
1993 160 9
2209 160 2
2324 160 8
2611 160 1
2645 160 6
3741 160 1
3830 160 10
3839 160 5
3865 160 6
3925 160 2
4102 160 2
4188 160 3
4567 160 5
4571 160 7
4588 160 8
4761 160 3
4777 160 6
5034 160 8
5069 160 4
5354 160 2
5776 160 7
170 161 9
174 161 7
223 161 6
261 161 9
262 161 5
269 161 7
275 161 5
364 161 10
370 161 4
386 161 1
479 161 3
985 161 6
1068 161 10
1331 161 3
1554 161 1
1665 161 9
1689 161 4
1716 161 4
2429 161 1
2875 161 3
3037 161 6
3340 161 6
3431 161 8
3853 161 6
4310 161 7
4637 161 7
4687 161 7
4695 161 5
4793 161 10
5676 161 8
5994 161 6
5803 162 7
5877 162 4
5888 162 6
5917 162 9
5936 162 3
5961 162 1
5968 162 7
6022 162 2
220 163 3
343 163 3
463 163 8
1476 163 8
1891 163 7
2114 163 8
3072 163 9
3147 163 7
4282 163 6
4542 163 9
205 164 6
286 164 10
310 164 2
343 164 1
400 164 3
423 164 7
468 164 1
563 164 10
1014 164 9
1042 164 5
1133 164 2
1505 164 7
1590 164 9
1776 164 7
1852 164 10
1992 164 9
2024 164 7
2242 164 6
2293 164 10
2438 164 2
2857 164 5
2908 164 9
3385 164 8
3715 164 1
3870 164 5
3877 164 8
3987 164 6
4102 164 3
4227 164 4
4282 164 8
4340 164 2
4428 164 3
4481 164 1
4918 164 8
5118 164 7
5272 164 4
5274 164 6
5381 164 8
5552 164 3
5839 164 5
5911 164 9
5992 164 1
6069 164 1
2756 165 10
357 166 7
1764 166 6
181 167 1
932 167 2
2157 167 4
2548 167 9
2940 167 6
3320 167 5
3342 167 2
3536 167 9
4431 167 1
4690 167 7
4816 167 9
5114 167 6
5424 167 2
6016 167 6
593 168 10
649 168 2
658 168 3
661 168 6
772 168 10
1077 168 10
1245 168 1
1445 168 2
1502 168 9
1649 168 8
1738 168 7
1900 168 7
2302 168 10
2307 168 8
2800 168 8
2821 168 9
2934 168 6
3014 168 9
3474 168 5
3477 168 5
3610 168 4
3625 168 3
3828 168 5
3925 168 1
3965 168 8
4235 168 10
4537 168 7
4944 168 9
5056 168 10
5144 168 3
5245 168 10
5390 168 6
5689 168 9
6012 168 8
457 169 2
206 170 3
255 170 7
300 170 9
364 170 4
384 170 4
5236 170 6
241 171 5
596 171 2
683 171 3
742 171 2
1259 171 8
1294 171 7
2320 171 6
3210 171 10
3993 171 6
4298 171 8
5030 171 1
5148 171 3
5149 171 1
5542 171 10
5602 171 6
5628 171 2
1235 172 3
182 173 7
184 173 5
264 173 8
302 173 3
306 173 10
384 173 6
385 173 6
397 173 6
687 173 8
831 173 1
887 173 6
1081 173 4
1589 173 2
1825 173 1
2068 173 5
2335 173 2
2525 173 6
2754 173 1
2935 173 9
3046 173 10
3142 173 2
3311 173 1
3917 173 5
4068 173 2
4541 173 4
4704 173 2
4724 173 2
4813 173 3
4919 173 8
5056 173 10
5062 173 8
5843 173 10
5934 173 2
5988 173 6
6085 173 2
223 174 8
224 174 10
249 174 5
252 174 8
258 174 4
269 174 3
282 174 1
314 174 7
327 174 4
350 174 5
364 174 6
370 174 5
386 174 3
443 174 6
456 174 5
460 174 7
479 174 2
489 174 7
936 174 7
1461 174 8
1617 174 1
1968 174 4
2076 174 2
2315 174 5
2991 174 1
2998 174 3
3340 174 5
3580 174 3
4365 174 9
5324 174 2
5412 174 2
5635 174 10
5752 174 1
255 175 2
282 175 5
302 175 9
329 175 4
369 175 3
412 175 5
460 175 7
935 175 9
1785 175 6
2564 175 7
3151 175 9
4304 175 10
4673 175 4
4949 175 7
5503 175 2
243 176 6
280 176 4
333 176 4
382 176 9
388 176 10
408 176 4
427 176 9
452 176 5
1143 176 5
1151 176 5
1506 176 8
1808 176 5
1811 176 8
2029 176 4
3127 176 5
3286 176 6
3813 176 6
4247 176 1
4248 176 1
5514 176 4
5642 176 7
251 177 5
266 177 9
280 177 2
291 177 6
302 177 2
306 177 8
329 177 9
344 177 7
351 177 6
364 177 7
369 177 10
384 177 8
399 177 2
404 177 9
412 177 8
420 177 9
435 177 9
439 177 4
443 177 4
460 177 3
1406 177 1
1427 177 3
2109 177 9
2259 177 5
2825 177 6
2853 177 9
2863 177 5
2932 177 4
2952 177 6
3554 177 1
3972 177 2
4009 177 10
4253 177 8
4370 177 9
5117 177 4
5306 177 5
5315 177 1
5436 177 3
5503 177 6
5772 177 10
457 178 5
3596 178 6
3886 178 2
4282 178 4
5310 178 2
5624 178 8
368 179 4
449 179 2
473 179 10
604 179 9
650 179 5
1699 179 10
1962 179 8
2111 179 1
2201 179 10
2262 179 4
2285 179 1
2355 179 2
2469 179 3
2481 179 4
2636 179 7
2665 179 2
2712 179 3
3141 179 9
3155 179 10
3388 179 5
3460 179 3
4019 179 4
4550 179 8
4678 179 3
4805 179 2
4937 179 9
5067 179 1
5262 179 1
5775 179 1
5827 179 4
5846 179 1
5855 179 4
6005 179 9
246 180 9
339 180 7
477 180 9
831 180 10
1329 180 6
1553 180 6
2825 180 3
3443 180 8
5772 180 7
1709 181 10
1769 181 5
2081 181 1
3360 181 5
4756 181 6
4868 181 10
315 182 7
384 182 10
391 182 6
420 182 3
481 182 5
1110 182 7
2438 182 2
3137 182 8
4109 182 7
4467 182 4
4486 182 9
4487 182 2
4834 182 6
384 183 1
627 183 2
2020 183 7
2286 183 9
2407 183 8
2814 183 6
3457 183 5
3511 183 5
3561 183 4
4901 183 4
5240 183 8
5437 183 1
5706 183 8
5987 183 7
5812 184 2
5818 184 3
5826 184 4
5848 184 7
5914 184 1
5927 184 3
5942 184 2
5955 184 2
5959 184 4
5988 184 4
6036 184 8
6083 184 3
432 185 5
537 185 4
4589 185 3
193 186 1
267 186 2
1435 186 8
1802 186 5
2022 186 7
2415 186 2
2417 186 7
2941 186 10
3269 186 4
3535 186 6
3705 186 1
3726 186 7
4239 186 7
4255 186 5
5063 186 9
5176 186 10
5415 186 9
388 188 1
444 188 9
744 188 4
1027 188 3
1844 188 5
2178 188 7
2651 188 1
2842 188 2
3031 188 6
3641 188 10
3805 188 1
3818 188 7
3965 188 3
4596 188 10
4688 188 10
5198 188 2
1558 189 6
2568 189 6
5224 189 3
6086 189 5
4461 190 9
193 191 10
199 191 5
267 191 8
370 191 9
767 191 9
1103 191 1
1377 191 6
1459 191 5
1696 191 4
1739 191 9
1818 191 7
2300 191 4
2478 191 4
3067 191 8
3758 191 3
3967 191 10
5053 191 1
5528 191 5
5688 191 2
232 192 8
5362 193 5
5474 193 6
5682 193 9
5863 193 1
5956 193 7
197 194 5
697 194 2
1156 194 1
2229 194 4
3047 194 7
3123 194 5
3224 194 6
3784 194 5
3951 194 9
4373 194 8
4691 194 2
4869 194 8
4991 194 9
5643 194 2
227 195 8
5872 195 6
387 196 5
701 196 2
3229 196 7
3435 196 5
3861 196 7
5994 197 5
6058 197 9
6068 197 3
210 198 7
298 198 2
557 198 9
831 198 1
1554 198 8
1770 198 5
2272 198 5
2774 198 10
2778 198 2
2796 198 1
2826 198 5
2936 198 5
3024 198 6
4119 198 4
4304 198 10
4469 198 5
5437 198 8
5853 198 4
5994 198 6
6030 198 4
262 199 5
325 199 8
436 199 7
460 199 9
808 199 7
831 199 8
1103 199 10
1696 199 3
1985 199 5
1986 199 10
2090 199 8
2470 199 3
2478 199 6
2534 199 5
2744 199 4
3340 199 9
3588 199 8
3758 199 3
4455 199 8
4695 199 1
4839 199 4
5053 199 7
5528 199 6
5676 199 6
5688 199 6
5870 199 1
1333 200 10
1428 200 2
1510 200 6
1532 200 6
1657 200 9
1868 200 9
2350 200 10
2689 200 1
2757 200 3
2790 200 10
3092 200 8
3249 200 5
3565 200 3
3674 200 7
4240 200 4
4468 200 1
5066 200 9
5104 200 6
5608 200 10
5858 200 10
5909 200 8
340 201 7
956 201 2
1725 201 6
2526 201 7
2934 201 10
5214 201 8
5779 201 2
391 202 8
511 202 4
634 202 1
876 202 2
884 202 2
933 202 9
1063 202 3
1201 202 1
1330 202 7
1638 202 2
1656 202 10
2138 202 1
3315 202 4
3497 202 8
3594 202 8
3627 202 10
4343 202 2
4490 202 7
4857 202 2
4911 202 4
4986 202 1
5175 202 9
5918 202 3
321 203 10
329 203 7
426 203 5
616 203 7
1713 203 1
1810 203 6
966 204 10
1138 204 10
1269 204 1
1453 204 5
1552 204 1
2397 204 4
3270 204 4
3327 204 3
4645 204 6
286 205 7
324 205 6
347 205 5
349 205 2
358 205 9
449 205 7
1992 205 1
4853 205 4
5128 205 2
268 206 1
282 206 5
369 206 2
723 206 3
877 206 1
1406 206 8
1513 206 8
2028 206 8
2912 206 3
3134 206 1
3274 206 1
3285 206 10
3448 206 3
3604 206 1
3841 206 1
4001 206 9
4381 206 3
5013 206 3
5236 206 10
5568 206 1
5765 206 2
5879 206 10
335 207 10
545 207 10
1049 207 6
1928 207 2
2300 207 9
2499 207 9
2826 207 1
2875 207 4
2896 207 5
3121 207 4
3213 207 8
3214 207 1
3836 207 4
3853 207 6
3991 207 7
4803 207 8
5621 207 9
5787 207 4
6012 207 10
3159 208 3
3171 208 6
3290 208 7
3586 208 6
3630 208 3
3653 208 5
3666 208 5
3719 208 9
3728 208 1
3810 208 1
4031 208 2
4104 208 4
4210 208 8
4226 208 2
4372 208 3
4467 208 6
4521 208 3
4556 208 6
4604 208 1
4638 208 2
4715 208 8
4815 208 6
4850 208 7
4863 208 1
4916 208 10
5032 208 1
5069 208 5
5092 208 5
5215 208 9
5370 208 6
5447 208 5
5492 208 1
5584 208 3
5597 208 8
5621 208 6
5814 208 3
5817 208 5
5868 208 10
5890 208 1
431 209 3
561 209 2
598 209 7
881 209 4
934 209 5
1120 209 10
1131 209 2
1218 209 10
1346 209 6
1444 209 10
1521 209 7
1727 209 10
1812 209 8
1889 209 4
2239 209 10
2531 209 2
2829 209 3
2981 209 4
2994 209 1
3017 209 9
3138 209 9
3334 209 10
3424 209 3
3495 209 7
4123 209 1
4243 209 3
4259 209 6
4755 209 4
4865 209 3
5000 209 9
5064 209 8
5659 209 3
5759 209 5
298 210 8
451 210 10
485 210 4
517 210 5
557 210 3
798 210 6
868 210 10
1371 210 3
1770 210 6
2257 210 6
2533 210 6
2707 210 4
2935 210 9
3454 210 1
3500 210 9
3513 210 1
3636 210 8
3721 210 5
4200 210 3
4304 210 5
4374 210 5
4527 210 4
4652 210 5
4711 210 6
4936 210 10
4951 210 1
5023 210 9
5156 210 6
5177 210 9
5734 210 1
6044 210 2
246 211 1
259 211 7
276 211 4
1752 211 8
2280 211 1
2393 211 10
3102 211 6
3266 211 2
3314 211 7
3639 211 6
3879 211 4
4211 211 4
4969 211 2
366 212 8
384 212 9
414 212 10
456 212 3
460 212 5
1127 212 6
1251 212 5
1928 212 1
2306 212 1
2355 212 7
2472 212 3
2481 212 3
3137 212 5
3147 212 6
3777 212 5
3796 212 10
4048 212 7
4260 212 10
5049 212 1
5463 212 5
5683 212 10
5991 212 4
5998 212 1
6068 212 9
6085 212 6
229 213 5
253 213 2
689 213 6
1000 213 1
3485 213 9
5120 213 1
5306 213 1
5315 213 10
1249 214 10
246 215 10
282 215 4
322 215 3
546 215 7
702 215 8
894 215 3
984 215 2
1212 215 1
1276 215 2
1300 215 7
1316 215 3
1404 215 7
1684 215 6
1695 215 2
2252 215 2
2632 215 4
2666 215 4
2667 215 6
2773 215 8
2847 215 7
2923 215 4
3384 215 2
3551 215 7
3836 215 7
3952 215 10
4198 215 1
4587 215 5
4924 215 1
4940 215 6
5932 215 9
5944 215 1
5945 215 9
6048 215 1
390 217 10
396 217 4
1206 217 5
1279 217 7
2088 217 4
2711 217 8
3246 217 5
3417 217 4
4122 217 2
4127 217 10
4675 217 7
4959 217 10
5929 217 6
236 218 3
1483 218 2
1856 218 10
2238 218 9
2742 218 9
3039 218 3
3040 218 5
3634 218 1
4402 218 1
4853 218 7
5157 218 9
5160 218 2
5428 218 4
5470 218 10
5723 218 3
2414 219 5
2807 219 3
4316 219 5
343 220 2
352 220 3
449 220 3
729 220 8
2332 220 4
2347 220 4
2835 220 5
3008 220 9
3090 220 10
3698 220 6
3800 220 7
3815 220 10
3923 220 9
4121 220 7
4227 220 7
4853 220 6
4970 220 9
5381 220 10
6095 220 5
1814 221 8
293 222 9
1066 222 5
1653 222 8
2920 222 5
3662 222 10
6013 222 9
261 223 7
262 223 2
269 223 8
325 223 8
327 223 7
370 223 10
386 223 10
460 223 10
477 223 7
479 223 7
617 223 1
1281 223 2
1375 223 2
1377 223 10
1528 223 4
1689 223 10
1897 223 2
1986 223 2
2007 223 7
2478 223 7
2836 223 1
2871 223 6
2959 223 7
2991 223 3
3340 223 8
3356 223 8
3431 223 7
3443 223 3
3664 223 5
3754 223 2
3758 223 5
3882 223 3
3938 223 9
4239 223 2
4423 223 2
4563 223 4
4670 223 7
4695 223 6
4709 223 3
4786 223 10
4875 223 2
4982 223 10
5486 223 4
5682 223 8
5695 223 4
282 224 9
386 224 6
1043 224 6
1284 224 9
2055 224 6
2077 224 2
2301 224 4
2728 224 3
2919 224 2
4000 224 9
4214 224 6
4483 224 3
4732 224 9
5516 224 4
5714 224 7
5951 225 5
2253 226 7
3034 226 3
3113 226 5
3229 226 8
3455 226 4
5673 226 2
1734 227 9
2427 227 6
3059 227 4
3468 227 9
5693 227 7
266 228 7
230 229 4
253 229 2
390 229 3
437 229 6
441 229 7
562 229 3
570 229 5
689 229 6
733 229 2
774 229 4
922 229 4
1000 229 7
1136 229 6
1154 229 10
1157 229 8
1463 229 10
1944 229 3
2674 229 3
2693 229 5
2701 229 5
2897 229 1
2936 229 4
3280 229 2
3406 229 3
3846 229 7
4011 229 3
4036 229 7
4038 229 2
4039 229 1
4134 229 4
4140 229 6
5120 229 2
5157 229 9
5300 229 1
5304 229 5
5306 229 10
5315 229 8
5333 229 2
5350 229 6
5586 229 10
5638 229 8
6047 229 7
342 231 7
440 231 8
465 231 5
484 231 7
529 231 10
776 231 2
858 231 9
888 231 2
1047 231 8
1234 231 4
1361 231 2
1643 231 2
1942 231 3
2082 231 7
2089 231 2
2112 231 3
2279 231 2
2331 231 7
2484 231 10
2490 231 7
2662 231 1
2716 231 5
2956 231 2
2969 231 9
3483 231 7
3547 231 10
3716 231 10
3956 231 6
4380 231 4
4719 231 5
4837 231 2
4994 231 1
5054 231 6
5198 231 8
5414 231 10
5518 231 9
5569 231 1
5720 231 10
5892 231 10
6078 231 1
6099 231 1
394 232 5
899 232 3
3148 232 5
3186 232 3
4694 232 4
5036 232 4
5802 232 7
328 233 9
448 233 10
588 233 2
626 233 6
1004 233 7
1339 233 2
1746 233 5
2361 233 9
2381 233 2
2518 233 9
2698 233 1
3014 233 7
3055 233 8
3567 233 2
3655 233 6
3844 233 3
3978 233 10
4163 233 8
4242 233 4
4962 233 1
5982 233 1
298 234 6
342 234 9
639 234 10
878 234 5
1134 234 5
1184 234 5
1187 234 7
1387 234 9
1984 234 10
2721 234 8
2968 234 8
3567 234 2
4546 234 3
4742 234 3
4792 234 1
4795 234 2
4873 234 2
4910 234 5
571 235 1
688 235 2
717 235 7
1005 235 2
3646 235 1
4252 235 1
5445 235 7
5652 235 6
5785 235 4
432 236 2
590 236 8
792 236 9
852 236 4
1154 236 8
1427 236 7
1506 236 3
1627 236 8
1677 236 6
1856 236 3
2337 236 3
2702 236 5
2742 236 5
2872 236 6
3106 236 5
3127 236 8
3790 236 6
3791 236 1
3864 236 8
4402 236 7
4413 236 1
5296 236 4
5298 236 8
5302 236 6
5350 236 10
5425 236 8
5572 236 4
351 237 9
1352 237 5
3292 237 5
5272 237 9
5710 237 10
6052 237 2
431 238 1
1012 238 10
1181 238 6
2720 238 8
3701 238 5
3793 238 8
4133 238 10
5690 238 1
5769 238 3
332 239 4
363 239 1
712 239 7
984 239 9
1310 239 10
1351 239 5
1841 239 9
2074 239 4
2119 239 2
2234 239 7
2298 239 7
2332 239 4
2356 239 4
2373 239 9
3623 239 2
3747 239 3
4049 239 9
4391 239 7
4894 239 9
4895 239 7
5295 239 9
5661 239 3
5798 239 6
5954 239 1
365 240 6
1036 240 6
5062 240 5
255 242 2
279 242 9
302 242 4
364 242 5
443 242 7
456 242 4
1094 242 3
1591 242 5
1689 242 8
1740 242 3
1822 242 10
1831 242 4
2949 242 8
3076 242 8
3757 242 6
4076 242 3
4224 242 1
4383 242 6
4390 242 3
4504 242 2
4805 242 5
6056 242 1
6070 242 2
343 243 8
382 243 4
388 243 2
1154 243 6
1856 243 3
2245 243 5
2396 243 7
2808 243 5
3405 243 1
3704 243 9
3876 243 10
5033 243 6
5424 243 1
5481 243 8
5588 243 9
6023 243 5
299 244 6
317 244 4
370 244 5
432 244 5
466 244 8
795 244 8
1044 244 2
1057 244 8
1218 244 2
1227 244 8
1258 244 3
1580 244 10
1801 244 8
1913 244 3
2010 244 7
2078 244 3
2161 244 7
2737 244 1
2901 244 2
3374 244 6
3457 244 10
3989 244 4
4197 244 5
4337 244 5
4489 244 2
4516 244 8
4641 244 1
4799 244 7
5490 244 5
5737 244 3
5876 244 1
6029 244 10
246 245 4
276 245 10
307 245 4
527 245 1
577 245 8
895 245 8
1422 245 4
1425 245 1
1634 245 2
1821 245 2
2300 245 8
2591 245 6
2845 245 6
3001 245 7
3317 245 9
3399 245 8
3947 245 3
4187 245 9
4284 245 5
4366 245 1
4581 245 10
4899 245 7
4976 245 8
5222 245 8
5362 245 3
5821 245 4
5823 245 9
5898 245 6
5960 245 7
5961 245 3
5869 246 6
329 247 5
392 247 9
1341 247 7
1420 247 3
1760 247 2
3317 247 2
4297 247 5
4680 247 3
5275 247 5
317 248 8
282 249 7
364 249 3
1094 249 8
1885 249 8
1940 249 2
2463 249 6
2694 249 2
3150 249 1
4265 249 6
5188 249 1
5884 249 4
285 250 9
1646 250 4
1700 250 8
3320 250 5
3349 250 10
3799 250 8
4319 250 3
4719 250 7
5556 250 3
302 251 6
329 251 10
364 251 2
399 251 3
404 251 9
1189 251 6
1318 251 10
2565 251 4
3776 251 10
4308 251 3
5117 251 9
5306 251 8
5772 251 8
324 252 7
329 252 6
357 252 9
364 252 9
383 252 7
412 252 7
422 252 2
443 252 4
833 252 6
834 252 10
1388 252 8
1468 252 8
1935 252 4
1979 252 1
1998 252 6
2265 252 8
2362 252 9
2458 252 6
2704 252 3
2845 252 7
2877 252 1
3553 252 6
3596 252 2
3917 252 3
3934 252 3
4010 252 3
4125 252 4
4184 252 3
4282 252 8
4370 252 8
4397 252 4
4503 252 6
4504 252 10
4945 252 2
4966 252 8
5189 252 7
5270 252 7
5503 252 9
5511 252 4
5880 252 8
551 253 2
716 253 4
2410 253 2
3124 253 9
3507 253 5
4443 253 6
4681 253 1
5423 253 3
6037 253 8
6090 253 6
307 254 5
409 254 10
488 254 4
874 254 3
1246 254 5
1518 254 5
2231 254 4
2256 254 8
3061 254 8
3097 254 2
3606 254 3
3786 254 1
4209 254 2
4342 254 5
4699 254 10
4932 254 6
5168 254 9
5256 254 3
5862 254 3
282 255 2
300 255 5
314 255 7
329 255 1
350 255 9
364 255 2
376 255 1
456 255 6
460 255 9
479 255 4
526 255 9
663 255 4
692 255 3
1003 255 8
1026 255 6
1094 255 6
1104 255 7
2163 255 8
2169 255 10
2658 255 9
2904 255 1
3141 255 6
3692 255 3
3780 255 8
3848 255 2
4458 255 2
4748 255 2
4890 255 10
5111 255 1
5178 255 4
5219 255 4
5320 255 4
5341 255 3
5498 255 2
5742 255 10
5874 255 7
5905 255 6
6068 255 2
420 256 5
457 256 10
4317 256 2
334 257 8
552 257 7
840 257 10
973 257 5
1173 257 10
1275 257 1
1301 257 6
1308 257 9
1364 257 6
1397 257 4
1697 257 10
1830 257 9
1939 257 6
1947 257 1
2013 257 10
2270 257 10
2638 257 10
2688 257 4
2766 257 10
2982 257 4
3018 257 9
3056 257 10
3387 257 9
3418 257 9
3552 257 1
4142 257 1
4143 257 8
4158 257 2
4189 257 3
4219 257 1
4578 257 5
4681 257 5
4721 257 2
5050 257 9
5191 257 8
5266 257 4
5739 257 3
5793 257 2
5794 257 8
5989 257 10
6059 257 8
269 258 8
460 258 10
994 258 3
1067 258 8
1104 258 7
1490 258 9
1581 258 5
1848 258 5
2489 258 7
2739 258 1
3028 258 3
3529 258 6
3580 258 3
3942 258 3
4433 258 4
5131 258 1
5197 258 1
5216 258 3
5900 258 6
5260 259 2
437 260 5
620 260 2
781 260 3
1034 260 4
2303 260 4
2497 260 6
2914 260 5
3328 260 5
4203 260 3
4701 260 8
4807 260 3
5105 260 10
5237 260 5
5290 260 6
5584 260 7
262 261 1
269 261 4
325 261 5
394 261 5
479 261 1
1534 261 7
2959 261 9
3126 261 10
3754 261 7
4324 261 7
4534 261 4
5545 261 7
5695 261 2
269 262 5
325 262 7
479 262 6
1534 262 5
2517 262 3
2577 262 5
2798 262 9
2959 262 10
3126 262 5
3754 262 3
3967 262 3
4695 262 4
4839 262 2
5422 262 3
5545 262 8
5695 262 4
6088 262 8
293 263 5
373 263 3
786 263 2
839 263 4
981 263 4
1111 263 9
1220 263 4
1497 263 10
1610 263 5
1714 263 10
1929 263 2
1971 263 7
1983 263 2
2144 263 1
2199 263 5
2434 263 8
2489 263 6
2825 263 8
2928 263 5
3341 263 6
3822 263 2
3837 263 8
4152 263 5
4164 263 5
4217 263 4
4359 263 9
4594 263 8
4623 263 10
4980 263 2
5169 263 6
5329 263 6
5340 263 5
5562 263 4
5564 263 1
5568 263 6
6026 263 7
6057 263 3
343 264 8
397 264 1
585 264 8
970 264 6
4041 264 4
275 265 2
277 265 2
476 265 2
1268 265 2
1277 265 6
1834 265 2
2332 265 4
2775 265 9
3422 265 2
3521 265 10
4971 265 10
5450 265 3
5747 265 5
5930 265 7
5962 265 2
6050 265 7
1658 266 4
3264 266 6
3757 266 2
3852 266 5
573 267 2
680 267 3
1009 267 6
1039 267 2
1273 267 7
1321 267 10
1377 267 9
1637 267 8
1661 267 3
1696 267 8
1981 267 6
1986 267 6
2011 267 5
2022 267 7
2125 267 6
2212 267 10
2417 267 6
2428 267 7
2442 267 6
2478 267 5
2705 267 9
2714 267 4
2734 267 10
3036 267 7
3199 267 3
3218 267 7
3597 267 4
3668 267 8
3726 267 6
3743 267 9
3758 267 5
3883 267 2
4216 267 5
4239 267 1
4255 267 1
4263 267 9
4277 267 1
4647 267 9
4946 267 6
4958 267 8
5135 267 8
5249 267 5
5402 267 10
5507 267 6
5601 267 5
5674 267 7
5682 267 1
5863 267 5
337 268 6
364 268 9
907 268 7
1689 268 1
1905 268 1
2559 268 1
2570 268 2
3285 268 10
3767 268 4
4370 268 2
4765 268 7
4989 268 7
5403 268 10
5409 268 7
5635 268 6
5937 268 4
6002 268 8
314 269 1
325 269 8
364 269 5
386 269 6
460 269 10
479 269 4
757 269 7
1461 269 10
2959 269 8
2991 269 3
2998 269 3
3340 269 3
3580 269 8
3754 269 7
3942 269 8
4351 269 9
4670 269 7
4695 269 6
4860 269 1
4982 269 9
5324 269 10
5695 269 5
674 270 3
809 270 8
1781 270 5
3042 270 7
3075 270 7
3649 270 1
4031 270 8
4938 270 2
5865 270 8
3856 271 5
5227 271 5
1127 273 3
4021 273 6
5630 273 10
674 274 1
1197 274 6
1874 274 8
1946 274 6
2106 274 8
2385 274 10
2423 274 2
2632 274 1
2666 274 2
3343 274 10
3386 274 2
3907 274 2
4186 274 7
4318 274 6
4945 274 6
5093 274 1
5115 274 3
277 275 9
393 275 2
436 275 7
476 275 9
856 275 8
1829 275 6
2875 275 6
2917 275 10
3157 275 3
3745 275 10
5422 275 4
5676 275 4
5802 275 7
6063 275 7
6088 275 6
4976 276 5
5364 276 6
5594 276 2
5790 276 3
5821 276 5
6093 276 1
296 277 6
394 277 2
476 277 2
1829 277 4
2263 277 7
3126 277 10
3216 277 6
5422 277 3
5841 277 7
6050 277 3
6063 277 7
314 278 9
420 278 9
1449 278 2
2048 278 10
2266 278 4
2463 278 2
2552 278 10
3697 278 10
3872 278 8
4311 278 6
869 279 1
1591 279 1
1754 279 2
1833 279 7
2764 279 2
2832 279 8
2860 279 2
3041 279 3
3506 279 5
3571 279 8
3599 279 1
4526 279 5
4535 279 3
4572 279 9
4841 279 9
5059 279 2
5163 279 6
5443 279 2
5640 279 6
5791 279 3
6031 279 1
4213 280 2
4304 280 4
4372 280 1
4373 280 2
4401 280 7
4475 280 1
4702 280 4
4775 280 10
4830 280 1
4834 280 10
4974 280 3
4976 280 8
5019 280 8
5360 280 5
5503 280 1
5558 280 5
5600 280 2
5648 280 4
5782 280 10
5821 280 1
5868 280 6
5961 280 9
5971 280 10
6072 280 4
6082 280 4
468 281 8
508 281 8
670 281 7
779 281 5
949 281 7
974 281 9
1808 281 8
2160 281 4
2540 281 5
2965 281 4
3243 281 7
3813 281 7
4735 281 2
4868 281 5
5073 281 1
5560 281 9
5671 281 9
5839 281 1
5974 281 2
331 282 9
350 282 1
364 282 6
404 282 2
422 282 5
1388 282 2
1689 282 8
2001 282 2
2308 282 9
2463 282 6
2746 282 7
2887 282 10
3046 282 10
3095 282 1
4290 282 8
4662 282 6
4821 282 9
5325 282 10
5328 282 10
5405 282 3
5533 282 10
5635 282 10
5820 282 7
1054 283 3
1327 283 2
1447 283 8
3461 283 6
3526 283 9
3564 283 2
3962 283 4
4590 283 7
4907 283 10
5825 283 5
5857 283 10
404 284 4
504 284 3
633 284 6
847 284 1
848 284 10
1166 284 3
1875 284 2
1943 284 10
2016 284 8
2153 284 1
2326 284 1
2750 284 7
2863 284 1
3144 284 10
3310 284 6
3361 284 3
3608 284 7
3852 284 1
3896 284 8
4359 284 9
4538 284 8
4624 284 5
4657 284 10
4978 284 8
5153 284 4
5175 284 10
5906 284 10
442 285 1
803 285 6
939 285 6
1118 285 8
1235 285 5
1391 285 1
2379 285 8
3289 285 4
3311 285 8
3370 285 10
4319 285 6
4872 285 4
5560 285 2
343 286 4
382 286 4
449 286 7
1992 286 7
3245 286 2
329 287 5
422 287 4
473 287 7
614 287 1
684 287 9
757 287 2
921 287 8
922 287 5
1024 287 2
1217 287 10
1462 287 9
1843 287 4
3183 287 3
3652 287 2
3675 287 6
3755 287 8
4009 287 2
5098 287 2
5307 287 2
5363 287 1
5466 287 7
6032 287 3
404 288 9
775 288 10
786 288 5
2259 288 2
2424 288 3
2426 288 8
2627 288 3
2916 288 10
3059 288 10
3757 288 6
3965 288 8
4150 288 2
4291 288 3
4512 288 8
4628 288 10
394 289 8
436 289 10
451 289 8
2683 289 3
699 290 9
727 290 9
758 290 1
1198 290 7
1247 290 10
1462 290 2
1512 290 3
1614 290 1
1683 290 8
1957 290 3
2683 290 7
2881 290 3
3167 290 5
3607 290 4
3614 290 3
3619 290 7
3671 290 9
3693 290 9
4042 290 9
4043 290 4
4190 290 1
4726 290 1
5173 290 10
5368 290 7
5400 290 2
5590 290 3
5591 290 8
5634 290 7
351 291 4
454 291 5
800 291 1
1784 291 2
2768 291 3
3527 291 1
4024 291 4
5326 291 1
5549 291 8
6021 291 3
382 292 3
493 292 6
645 292 3
1881 292 1
1959 292 8
3195 292 7
3321 292 2
3338 292 8
3918 292 1
3977 292 3
4058 292 1
4551 292 5
4967 292 2
5346 292 2
346 293 10
429 293 9
461 293 10
920 293 10
943 293 10
968 293 6
981 293 6
1055 293 7
1075 293 9
1164 293 2
1242 293 9
1249 293 5
1577 293 6
1662 293 4
1726 293 2
1849 293 8
2069 293 10
2247 293 9
2468 293 1
2852 293 6
3201 293 5
3503 293 6
3582 293 5
3703 293 6
3811 293 2
3887 293 7
4055 293 6
4752 293 7
4798 293 4
5012 293 5
5152 293 10
5193 293 4
5263 293 7
5288 293 6
5532 293 8
5641 293 7
5845 293 8
418 294 7
2504 294 10
2514 294 1
3181 294 3
4853 294 4
610 295 10
1142 295 5
1472 295 5
1660 295 8
2141 295 6
2239 295 6
3030 295 6
3039 295 1
3906 295 3
4530 295 6
4800 295 7
5006 295 2
5100 295 8
5468 295 7
441 296 4
2258 296 8
2447 296 10
2606 296 2
2795 296 2
4307 296 1
4950 296 1
5871 296 8
324 297 1
358 297 4
447 297 5
497 297 2
802 297 3
887 297 10
979 297 8
987 297 8
1022 297 9
1282 297 6
1401 297 8
1436 297 10
1527 297 9
1569 297 4
1624 297 5
1636 297 1
1757 297 7
2223 297 6
2970 297 3
3048 297 9
3421 297 4
3683 297 6
4098 297 3
4313 297 3
4334 297 1
4377 297 6
4582 297 8
4672 297 3
4757 297 4
4770 297 10
4935 297 5
5042 297 9
5094 297 8
5165 297 3
5172 297 4
5287 297 10
5573 297 1
5603 297 6
5679 297 4
5776 297 5
324 298 2
360 298 1
363 298 6
414 298 10
451 298 7
485 298 10
557 298 5
798 298 10
853 298 5
1085 298 5
1095 298 4
1184 298 10
1617 298 7
1715 298 3
1743 298 4
2001 298 5
2076 298 1
2630 298 3
2709 298 5
2760 298 7
2788 298 3
3373 298 10
3396 298 4
3458 298 3
3517 298 7
3559 298 5
3636 298 6
3725 298 9
3831 298 7
3968 298 8
3970 298 4
4304 298 7
4343 298 5
4354 298 1
4408 298 9
4591 298 10
4652 298 10
4692 298 4
4873 298 6
4927 298 1
4941 298 1
5025 298 5
5167 298 9
5440 298 5
5713 298 4
5718 298 9
5922 298 9
6044 298 7
306 299 6
309 299 7
385 299 5
403 299 1
420 299 1
441 299 8
454 299 2
457 299 4
1032 299 10
1591 299 2
2191 299 4
2726 299 3
2901 299 10
2924 299 5
3318 299 1
4337 299 7
5515 299 10
5836 299 3
5902 299 7
4152 301 2
351 302 8
384 302 9
391 302 5
404 302 3
443 302 1
1492 302 10
2355 302 5
2532 302 10
3376 302 8
4309 302 6
4339 302 8
4359 302 5
5708 302 9
5782 302 3
5907 302 2
1990 303 10
3492 303 6
3637 303 4
3708 303 8
3930 303 4
4760 303 7
351 304 9
698 304 5
1170 304 5
1836 304 7
4231 304 7
5073 304 9
369 305 4
422 305 1
431 305 1
1240 305 4
1440 305 10
1632 305 10
1767 305 4
2254 305 4
3329 305 2
5003 305 10
5381 305 4
6025 305 10
309 306 6
348 306 1
441 306 1
584 306 4
825 306 5
831 306 9
1489 306 4
2190 306 10
3217 306 4
3785 306 9
3983 306 9
4337 306 9
5090 306 1
5182 306 6
5379 306 2
409 307 5
488 307 7
527 307 8
576 307 1
755 307 5
946 307 9
994 307 2
1097 307 9
1635 307 10
1747 307 8
1800 307 4
1807 307 9
1903 307 1
1963 307 7
1973 307 5
2185 307 7
2196 307 10
2646 307 4
2670 307 3
2695 307 3
2696 307 10
2911 307 8
2984 307 6
3093 307 2
3192 307 6
3319 307 5
3528 307 9
3609 307 8
3622 307 7
4028 307 2
4193 307 5
4234 307 9
4322 307 10
4453 307 8
4626 307 8
4663 307 6
4976 307 4
5085 307 6
5369 307 8
5451 307 2
5724 307 5
5823 307 9
5896 307 2
5950 307 3
400 308 2
579 308 9
796 308 2
1055 308 10
1081 308 4
1197 308 3
1412 308 2
2400 308 10
3370 308 2
3491 308 6
3927 308 10
4177 308 8
5001 308 8
5631 308 4
5895 308 1
865 309 10
1185 309 4
1218 309 5
3224 309 5
3505 309 8
3569 309 5
3570 309 6
3817 309 10
3910 309 10
3955 309 9
4337 309 3
4529 309 2
5806 309 6
5935 309 9
6024 309 3
4650 310 4
4738 310 1
4787 310 10
5167 310 10
5571 310 9
5579 310 3
5683 310 5
5797 310 1
5978 310 3
6066 310 3
6067 310 2
312 311 2
408 311 4
729 311 5
1369 311 5
1959 311 7
2321 311 3
2446 311 4
3004 311 1
3180 311 5
3592 311 3
3857 311 2
3869 311 6
4418 311 6
4609 311 9
4634 311 9
4750 311 10
5001 311 2
5148 311 10
408 312 10
729 312 5
1941 312 10
2321 312 10
4425 312 8
4750 312 3
4788 312 10
374 313 7
382 313 1
450 313 7
2394 313 5
2773 313 6
2999 313 8
3990 313 3
337 314 2
364 314 6
368 314 3
376 314 2
386 314 3
460 314 3
464 314 2
513 314 4
578 314 1
728 314 3
734 314 10
1026 314 2
1094 314 6
1176 314 1
1491 314 10
2050 314 3
2293 314 9
2336 314 4
2552 314 5
2679 314 8
2767 314 1
3123 314 8
3141 314 5
3155 314 1
3163 314 10
3529 314 4
3697 314 9
3944 314 5
4012 314 10
4068 314 3
4144 314 5
4208 314 8
4311 314 6
4365 314 8
4370 314 3
4373 314 6
4458 314 9
4696 314 2
4991 314 8
5111 314 2
5339 314 4
5409 314 1
5509 314 4
5537 314 2
5615 314 10
5635 314 7
6068 314 8
6100 314 5
3480 315 2
4002 315 4
4278 315 3
4486 315 7
4794 315 2
356 316 4
1037 316 6
1405 316 1
1952 316 10
2398 316 6
2567 316 5
2780 316 4
3281 316 8
3409 316 2
4287 316 5
334 317 1
354 317 9
359 317 9
371 317 1
402 317 2
407 317 8
718 317 6
815 317 5
841 317 7
1191 317 3
1241 317 7
1862 317 10
1925 317 3
2054 317 1
2060 317 2
2143 317 6
2152 317 7
2219 317 9
2294 317 8
2604 317 6
2791 317 7
2975 317 2
3065 317 3
3081 317 3
3352 317 7
3505 317 4
3629 317 4
4023 317 4
4169 317 4
4321 317 4
4360 317 7
4470 317 1
4556 317 4
4822 317 3
4851 317 10
4939 317 10
4945 317 3
5052 317 8
5515 317 5
5773 317 7
5869 317 8
5883 317 3
5947 317 3
672 318 5
1065 318 9
1145 318 9
1345 318 4
1536 318 7
1620 318 6
1955 318 9
2690 318 9
2780 318 8
2956 318 3
3226 318 6
3734 318 8
3765 318 5
4073 318 3
4576 318 5
4700 318 6
5134 318 2
5357 318 4
5662 318 4
343 319 5
382 319 1
388 319 2
438 319 10
449 319 9
731 319 6
911 319 6
1562 319 6
1564 319 1
2120 319 5
3203 319 7
3256 319 5
3337 319 10
3690 319 6
3813 319 10
4570 319 8
1736 320 4
1748 320 6
1894 320 3
1995 320 8
2537 320 4
2558 320 9
2730 320 1
3886 320 1
4340 320 1
5575 320 8
5726 320 5
6094 320 3
426 321 8
2021 321 2
702 322 6
828 322 9
870 322 3
901 322 9
1011 322 9
1013 322 6
1312 322 1
1903 322 2
2092 322 7
2261 322 9
2485 322 3
3783 322 4
3802 322 9
3925 322 9
4081 322 4
4178 322 2
4929 322 3
5753 322 7
6049 324 1
339 325 8
394 325 8
436 325 1
706 325 10
831 325 8
1103 325 2
1499 325 6
1531 325 2
1792 325 2
1986 325 7
2517 325 8
2534 325 8
2573 325 3
2785 325 4
2798 325 1
2875 325 1
3340 325 3
3745 325 7
3967 325 1
4067 325 5
4670 325 6
4695 325 3
4839 325 6
5131 325 8
5422 325 1
5676 325 7
6088 325 1
2727 326 3
3455 326 1
348 327 6
386 327 1
460 327 7
489 327 9
818 327 8
1850 327 7
1870 327 6
3565 327 8
3909 327 10
4031 327 2
4812 327 5
5406 327 4
461 328 10
3589 328 6
3996 328 8
4347 328 8
5278 329 7
5361 329 9
5403 329 9
5456 329 8
5461 329 4
5783 329 8
5789 329 10
5880 329 9
5963 329 2
350 330 10
438 330 1
439 330 6
953 330 6
1514 330 8
1571 330 2
2218 330 10
2240 330 3
2691 330 4
2874 330 1
2886 330 10
2904 330 2
3005 330 1
3130 330 3
3347 330 2
3539 330 4
3542 330 6
3746 330 7
3995 330 3
4370 330 3
4769 330 10
5297 330 2
5299 330 8
5312 330 3
5316 330 4
422 331 6
1146 331 5
1388 331 9
2887 331 5
4391 331 8
4662 331 3
363 332 4
394 332 6
712 332 5
1309 332 7
1336 332 7
2374 332 4
3038 332 9
3519 332 5
3747 332 3
4411 332 3
4474 332 6
5062 332 8
5125 332 1
1494 333 3
2184 333 4
386 334 4
505 334 6
584 334 3
1165 334 8
1621 334 3
1704 334 6
1987 334 3
2296 334 7
2708 334 2
3239 334 9
3271 334 7
3499 334 7
3679 334 5
3868 334 10
4078 334 2
4264 334 3
4286 334 4
5493 334 9
5605 334 5
1323 335 6
1377 335 4
1848 335 4
2257 335 7
2260 335 5
2717 335 5
2964 335 2
3125 335 3
3200 335 3
3213 335 6
3214 335 2
3873 335 4
4035 335 8
4715 335 2
5185 335 9
5273 335 5
5364 335 6
5380 335 6
5411 335 7
343 336 3
3146 336 7
364 337 6
366 337 2
428 337 4
483 337 6
861 337 5
1394 337 3
1539 337 2
1546 337 4
2244 337 9
2438 337 2
2560 337 1
3333 337 7
3348 337 8
3430 337 9
3694 337 8
3784 337 5
4105 337 1
4583 337 6
5579 337 5
5677 337 5
5933 337 10
5977 337 1
5978 337 6
6066 337 8
407 338 4
454 338 6
1062 338 8
1140 338 8
1153 338 7
1529 338 3
1538 338 1
1774 338 6
1916 338 1
1990 338 2
2512 338 4
2731 338 5
2771 338 5
2883 338 3
3295 338 9
3420 338 8
3810 338 8
5237 338 9
5663 338 8
5933 338 3
6004 338 9
6074 338 4
477 339 10
706 339 6
831 339 3
1329 339 9
3340 339 8
3443 339 10
4870 339 4
406 340 6
844 340 8
893 340 4
1206 340 2
1392 340 8
1400 340 1
1403 340 7
1442 340 10
3246 340 7
3484 340 7
3680 340 9
3752 340 4
3753 340 7
4053 340 3
4664 340 6
5179 340 8
5203 340 9
5418 340 8
5432 340 8
5521 340 7
5775 340 5
5780 340 9
5984 340 9
401 341 2
422 341 9
460 341 3
524 341 1
757 341 7
793 341 3
1214 341 4
1291 341 5
1395 341 6
1542 341 1
1724 341 8
2221 341 6
2314 341 7
2511 341 1
2922 341 7
3326 341 7
3350 341 2
3917 341 4
4635 341 5
4651 341 7
4697 341 2
4874 341 7
4926 341 1
4998 341 5
5086 341 5
5122 341 9
5250 341 1
5279 341 8
5462 341 1
5783 341 2
5789 341 9
5803 341 5
5963 341 8
6016 341 8
407 342 7
660 342 5
885 342 5
967 342 10
992 342 10
4693 342 2
5161 342 2
5392 342 1
5810 342 9
5811 342 8
371 343 2
379 343 2
382 343 1
389 343 3
397 343 4
400 343 1
423 343 6
427 343 6
431 343 2
449 343 6
468 343 1
475 343 3
519 343 7
563 343 4
731 343 8
812 343 2
854 343 5
1071 343 4
1152 343 10
1313 343 2
1450 343 7
1455 343 5
1477 343 6
1493 343 6
1496 343 3
1573 343 7
1612 343 1
1930 343 9
1964 343 1
2233 343 2
2241 343 8
2655 343 8
2985 343 8
3084 343 10
3235 343 9
3245 343 9
3330 343 7
3429 343 4
3987 343 9
4273 343 5
4577 343 9
4671 343 7
4902 343 5
5068 343 3
5113 343 6
5280 343 1
5499 343 6
759 345 10
1933 345 6
2543 345 1
2878 345 8
3107 345 7
4705 345 6
4806 345 1
5623 345 9
364 346 7
530 346 5
690 346 8
1015 346 6
1033 346 4
1132 346 10
1599 346 7
1819 346 9
2653 346 8
2818 346 8
3116 346 5
3131 346 2
3204 346 4
3427 346 2
3617 346 10
3703 346 7
3775 346 5
3915 346 5
3981 346 7
4208 346 5
4253 346 10
4258 346 1
4459 346 5
5013 346 5
5061 346 8
5286 346 3
5365 346 6
5416 346 3
5431 346 8
5517 346 10
5620 346 5
5641 346 3
5754 346 1
5804 346 3
6010 346 3
6084 346 4
358 347 1
485 348 6
584 348 6
1639 348 7
1715 348 2
1976 348 1
2103 348 5
2104 348 7
2274 348 7
2809 348 3
3000 348 6
3544 348 7
3684 348 7
3712 348 6
3794 348 2
3884 348 2
4481 348 10
4575 348 4
4868 348 8
4918 348 6
5162 348 5
5254 348 2
5683 348 2
411 349 3
431 349 6
475 349 1
972 349 5
1180 349 9
3763 349 7
3998 349 8
5244 349 6
5396 349 7
5397 349 2
5796 349 6
5839 349 8
364 350 6
443 350 5
460 350 5
1029 350 7
1770 350 4
2218 350 6
2814 350 8
3401 350 5
3530 350 7
4913 350 1
5782 350 7
5994 350 7
6072 350 9
652 351 10
875 351 4
909 351 7
2432 351 5
2532 351 8
3010 351 4
4020 351 5
4862 351 8
5831 351 5
408 352 8
432 352 9
452 352 10
729 352 3
2665 352 9
3988 352 7
4739 352 8
5145 352 1
5148 352 5
5268 352 9
5639 352 10
412 353 7
413 353 6
420 353 4
507 353 2
927 353 5
1507 353 9
2124 353 8
3179 353 7
3973 353 5
4424 353 1
4442 353 5
4447 353 8
4448 353 9
4465 353 2
4467 353 2
4984 353 3
5618 353 7
407 354 10
3773 354 6
4415 354 3
5375 354 8
5580 354 10
5584 354 8
386 355 1
424 355 8
1434 355 4
2659 355 5
3727 355 9
4124 355 5
5625 355 2
5926 355 4
357 356 6
420 356 3
435 356 1
442 356 8
444 356 5
457 356 2
462 356 2
473 356 1
562 356 3
636 356 6
730 356 5
1102 356 5
2358 356 1
2363 356 8
2399 356 1
2538 356 2
2738 356 5
3209 356 6
3439 356 1
3540 356 5
3766 356 5
4138 356 4
4352 356 2
4371 356 3
4476 356 7
4506 356 6
5269 356 9
5313 356 2
5314 356 1
5336 356 5
5399 356 10
6034 356 7
6077 356 8
679 357 6
782 357 5
1167 357 6
1264 357 10
1468 357 4
1469 357 6
1935 357 5
2503 357 2
2598 357 4
2603 357 7
3423 357 8
3596 357 5
3905 357 7
4212 357 4
4608 357 9
5511 357 5
5835 357 2
5924 357 5
479 358 3
1338 358 2
1468 358 3
1469 358 4
1487 358 7
1906 358 5
1917 358 5
1935 358 10
3033 358 4
3143 358 6
3221 358 5
3596 358 10
4175 358 7
4356 358 7
4492 358 2
4503 358 4
4615 358 2
4935 358 4
5433 358 3
5511 358 9
6028 358 9
2093 359 1
2499 359 6
3642 359 4
3710 359 3
3946 359 9
4338 359 3
4359 359 4
4539 359 1
4584 359 5
4825 359 4
5983 359 10
363 360 10
432 360 10
442 360 3
485 360 7
838 360 9
853 360 7
1033 360 10
1034 360 8
1178 360 1
1407 360 10
1589 360 9
1779 360 2
1879 360 5
1922 360 5
2062 360 8
2333 360 9
2709 360 7
2898 360 2
3039 360 1
3738 360 3
3792 360 9
5167 360 4
5849 360 10
5922 360 6
468 362 10
963 362 6
1002 362 8
2003 362 8
2030 362 2
2182 362 9
394 363 1
485 363 1
853 363 4
1186 363 4
1197 363 6
1238 363 4
1472 363 5
1958 363 4
2001 363 2
2083 363 1
2233 363 6
2374 363 10
2400 363 10
2760 363 9
3038 363 10
3574 363 3
3747 363 4
3874 363 10
4333 363 6
4411 363 1
4474 363 6
4557 363 2
4643 363 7
5687 363 4
5503 364 3
5509 364 10
5620 364 9
5635 364 1
5907 364 9
5937 364 5
6002 364 4
6068 364 3
448 365 5
540 365 1
742 365 1
1445 365 1
1816 365 6
2402 365 6
2465 365 4
2749 365 9
2799 365 8
2803 365 7
2868 365 9
3044 365 5
3201 365 3
3247 365 10
3558 365 5
3939 365 6
3981 365 7
4079 365 3
4113 365 5
4254 365 1
4513 365 9
4873 365 9
4944 365 4
5035 365 4
5851 365 6
6087 365 3
414 366 6
428 366 5
894 366 7
1229 366 1
1231 366 4
1251 366 4
1394 366 3
1503 366 8
1508 366 1
1546 366 2
1560 366 8
1666 366 8
1966 366 6
2006 366 2
2057 366 10
2128 366 3
2255 366 7
2281 366 9
2293 366 4
2325 366 7
2392 366 4
2422 366 2
2438 366 8
2481 366 8
2560 366 6
2635 366 2
2830 366 3
3121 366 5
3147 366 5
3430 366 1
3694 366 5
3707 366 6
3784 366 5
4372 366 2
4481 366 9
4554 366 9
4787 366 7
4912 366 3
5116 366 1
5579 366 6
5683 366 6
6085 366 2
982 367 8
1460 367 7
3820 367 9
5727 367 7
5810 367 1
6096 367 3
584 368 2
743 368 2
772 368 5
1711 368 8
1863 368 2
2217 368 3
2481 368 4
3141 368 10
3631 368 10
3730 368 10
4323 368 6
4575 368 4
413 369 7
422 369 1
431 369 6
466 369 9
1135 369 2
2211 369 6
3068 369 4
3152 369 5
3225 369 5
3303 369 1
3670 369 6
4365 369 4
4673 369 9
5635 369 1
5800 369 6
386 370 2
393 370 9
460 370 4
566 370 8
660 370 10
2053 370 5
2079 370 9
2101 370 9
2733 370 9
2748 370 7
3392 370 7
3457 370 4
3502 370 1
3736 370 8
4182 370 7
4310 370 5
4641 370 8
4771 370 4
4936 370 4
5100 370 10
5217 370 5
3720 371 9
3761 371 5
3835 371 8
3851 371 9
4325 371 7
4332 371 5
4416 371 10
4440 371 1
4498 371 8
4578 371 7
4622 371 10
4686 371 3
5026 371 2
5037 371 5
5143 371 6
5226 371 1
5239 371 10
5338 371 4
5372 371 10
5429 371 10
5513 371 3
5553 371 9
5604 371 3
5958 371 6
447 372 8
1139 372 5
1511 372 3
2612 372 7
4334 372 10
4434 372 8
4586 372 9
4656 372 6
5728 372 5
404 373 9
741 373 2
863 373 4
910 373 8
1328 373 3
1402 373 9
2825 373 2
3014 373 5
3811 373 7
4369 373 7
4376 373 5
4479 373 5
4603 373 5
4664 373 7
5169 373 1
5170 373 10
5592 373 5
5654 373 3
5738 373 9
6033 373 4
382 374 5
388 374 8
431 374 1
443 374 7
447 374 6
449 374 7
452 374 5
460 374 8
941 374 5
1148 374 6
2340 374 8
2370 374 9
2412 374 8
3204 374 6
3346 374 9
3699 374 6
4510 374 3
5310 374 1
5438 374 9
5505 374 5
5531 374 8
4031 375 10
4988 375 1
1199 376 8
1478 376 10
1645 376 1
1893 376 8
2406 376 7
2519 376 2
2783 376 4
4094 376 8
4241 376 9
4676 376 9
4782 376 4
5219 376 6
5711 376 10
6035 376 4
6053 376 2
417 377 10
468 377 3
962 377 1
1765 377 8
1979 377 5
2811 377 7
2953 377 5
4387 377 8
5543 377 1
581 378 10
731 378 8
4654 379 8
4663 379 8
4667 379 1
4834 379 1
4902 379 1
4933 379 9
4935 379 1
5146 379 9
5174 379 4
5219 379 5
5251 379 1
5790 379 1
5821 379 3
5897 379 1
6007 379 9
6017 379 2
6061 379 9
6093 379 8
4355 380 4
4382 380 8
4677 380 4
4826 380 4
4996 380 1
5087 380 7
5285 380 2
5356 380 9
5912 380 8
5976 380 6
388 381 6
452 381 10
453 381 6
623 381 10
836 381 1
837 381 4
857 381 2
866 381 8
1030 381 3
1155 381 1
1252 381 1
1630 381 3
1668 381 3
1669 381 1
1817 381 4
1967 381 6
2453 381 7
2460 381 10
2476 381 2
2572 381 6
2653 381 6
2905 381 5
3115 381 4
3149 381 1
3255 381 5
3308 381 7
3441 381 5
3605 381 2
3709 381 9
3772 381 10
3827 381 4
3987 381 9
4015 381 6
4016 381 7
4171 381 7
4330 381 8
4340 381 9
4855 381 6
5061 381 9
5235 381 10
5359 381 5
5442 381 9
6085 381 2
6089 381 4
412 382 8
420 382 9
427 382 5
443 382 4
1178 382 1
1516 382 8
1761 382 10
2704 382 4
4551 382 4
443 383 6
385 384 1
391 384 8
414 384 4
422 384 7
950 384 7
1024 384 7
1680 384 5
1689 384 6
2149 384 8
2679 384 7
2846 384 8
3059 384 3
3174 384 4
3572 384 2
4331 384 10
4339 384 5
4737 384 6
4747 384 7
5228 384 8
5637 384 1
5700 384 9
5744 384 9
5882 384 6
5907 384 1
6068 384 10
422 385 5
958 385 6
2344 385 5
2754 385 7
3011 385 7
3345 385 6
5228 385 1
5796 385 7
393 386 4
412 386 6
420 386 1
424 386 10
460 386 2
479 386 2
826 386 4
1177 386 4
1203 386 6
1367 386 9
1461 386 2
1848 386 5
2311 386 1
2353 386 4
2411 386 1
2991 386 8
3271 386 8
3340 386 10
3380 386 4
3431 386 8
3656 386 1
3788 386 6
4831 386 8
4936 386 9
4982 386 4
5100 386 2
5411 386 10
651 387 1
958 387 8
1908 387 7
2938 387 8
3196 387 5
3236 387 7
5028 387 7
5504 387 7
5885 388 2
5923 388 9
6018 388 7
6022 388 9
1223 389 6
2181 389 4
2403 389 3
5864 389 6
396 390 8
406 390 5
1122 390 6
2251 390 8
2302 390 7
2679 390 8
2909 390 10
3089 390 7
3827 390 5
4053 390 7
4361 390 2
4473 390 1
4828 390 5
4848 390 1
5938 390 1
894 391 7
1119 391 10
1179 391 5
1221 391 2
1256 391 1
1774 391 1
2091 391 8
2635 391 6
2787 391 3
2932 391 2
3020 391 6
3140 391 9
3647 391 1
4585 391 10
4630 391 9
5194 391 7
5907 391 7
662 392 2
691 392 10
1806 392 9
2841 392 6
2946 392 4
2996 392 6
3633 392 6
3982 392 3
4417 392 4
4463 392 6
5146 392 8
5653 392 1
6093 392 3
1174 393 3
1572 393 5
1950 393 10
2198 393 4
2875 393 8
3157 393 6
3340 393 6
5611 393 10
436 394 4
451 394 2
482 394 7
831 394 5
1446 394 8
1580 394 7
1773 394 6
1829 394 7
2510 394 5
2517 394 2
2988 394 6
3139 394 10
3613 394 10
3636 394 10
3747 394 1
3804 394 3
3929 394 2
3949 394 6
4082 394 3
4695 394 3
4861 394 4
5070 394 3
5223 394 3
5479 394 10
5730 394 5
5802 394 3
6045 394 5
722 395 10
1385 395 5
4612 395 4
817 396 3
1122 396 2
1525 396 6
2043 396 7
2088 396 10
3191 396 10
3484 396 4
3659 396 3
4293 396 10
5308 396 10
5686 396 4
431 397 4
475 397 6
970 397 6
1383 397 9
1589 397 6
1736 397 6
1737 397 7
2209 397 8
2616 397 7
2661 397 7
3231 397 2
3311 397 4
3312 397 6
3413 397 7
3724 397 10
3833 397 5
3839 397 10
4041 397 5
4155 397 1
4972 397 10
5496 397 3
5578 397 3
5934 397 9
1350 398 5
1423 398 9
2072 398 6
2341 398 3
2641 398 10
3958 398 2
3992 398 10
4057 398 2
5218 398 1
5378 398 2
441 399 5
479 399 1
807 399 7
983 399 9
1197 399 4
1419 399 9
1785 399 1
1898 399 7
1996 399 6
2167 399 6
2516 399 9
2874 399 5
2904 399 10
3279 399 4
3530 399 3
3542 399 10
3798 399 10
3816 399 8
4029 399 10
4495 399 1
4913 399 5
5303 399 9
5536 399 7
5774 399 8
5824 399 3
5887 399 6
579 400 7
669 400 4
700 400 8
915 400 5
1080 400 2
1183 400 2
1237 400 1
1386 400 9
1474 400 6
1526 400 10
1678 400 4
1776 400 6
1965 400 1
2135 400 4
2156 400 4
2362 400 10
2644 400 10
3208 400 8
3313 400 3
3330 400 2
3529 400 2
3541 400 1
3787 400 7
3825 400 4
3895 400 2
4207 400 3
4394 400 3
4436 400 8
4577 400 6
4606 400 3
4914 400 4
5046 400 5
5113 400 8
5321 400 9
5480 400 5
5560 400 1
5705 400 2
5839 400 4
5852 400 7
5953 400 1
5992 400 10
6043 400 7
842 401 3
1380 401 9
1861 401 2
1945 401 6
2000 401 6
2105 401 6
2430 401 8
2455 401 1
3358 401 3
4973 401 2
5122 401 5
5722 401 3
406 402 10
534 402 8
542 402 8
661 402 1
1013 402 5
1654 402 3
1697 402 1
1702 402 1
1719 402 9
1855 402 4
1884 402 1
1925 402 6
2328 402 3
2405 402 10
2647 402 2
2963 402 1
3829 402 9
4179 402 1
4230 402 10
4485 402 9
4556 402 9
4590 402 5
4713 402 5
4851 402 4
4931 402 7
5002 402 2
5057 402 6
5212 402 4
5276 402 3
5383 402 5
5686 403 8
5947 403 8
6022 403 6
6074 403 3
4110 404 6
4235 404 8
4276 404 5
4305 404 10
4400 404 2
4507 404 10
4607 404 8
4627 404 1
4657 404 1
4706 404 3
4769 404 2
4797 404 8
4805 404 1
5097 404 2
5117 404 8
5130 404 9
5153 404 8
5164 404 6
5175 404 7
5199 404 6
5204 404 6
5208 404 7
5410 404 9
5436 404 2
5485 404 5
5512 404 5
5537 404 8
5599 404 7
5760 404 4
5765 404 6
5904 404 3
5906 404 7
6019 404 7
6026 404 2
6073 404 1
619 405 4
534 406 1
693 406 1
872 406 7
1113 406 6
1122 406 9
1239 406 8
1265 406 2
1325 406 3
1519 406 7
1654 406 5
1702 406 10
1710 406 5
1813 406 6
1853 406 9
1884 406 6
2051 406 8
2075 406 8
2381 406 2
2383 406 8
2477 406 1
2563 406 10
2766 406 8
2786 406 4
2978 406 6
3351 406 7
3663 406 5
3920 406 7
4195 406 1
4325 406 10
4525 406 10
4596 406 10
4598 406 1
4925 406 8
5372 406 7
5680 406 7
5780 406 10
5837 406 4
6027 406 3
6031 406 2
568 407 1
597 407 5
643 407 3
703 407 8
1005 407 3
1191 407 7
1216 407 1
1370 407 4
1458 407 8
1523 407 2
1585 407 9
1728 407 6
1797 407 7
1826 407 3
1867 407 9
1925 407 5
2152 407 4
2276 407 8
2290 407 3
2338 407 2
2450 407 7
3244 407 6
3372 407 1
3527 407 9
3770 407 1
3878 407 7
3914 407 3
3960 407 6
4112 407 10
4169 407 3
4470 407 6
4609 407 5
5072 407 3
5213 407 9
5375 407 8
5471 407 7
5607 407 8
5686 407 10
5957 407 1
427 408 9
452 408 2
729 408 5
1811 408 5
3238 408 4
3813 408 2
4013 408 9
4159 408 10
4750 408 4
5148 408 8
5560 408 9
5671 408 10
488 409 6
787 409 8
827 409 7
2231 409 8
2256 409 4
2649 409 2
3786 409 7
4209 409 3
4505 409 1
4965 409 6
5129 409 9
5232 409 3
5352 409 5
5771 409 4
5903 409 5
425 410 3
653 410 3
711 410 1
1158 410 6
1911 410 2
3362 410 4
3926 410 7
4014 410 6
4597 410 5
5925 410 1
431 411 5
1089 411 9
1524 411 2
1740 411 9
2574 411 7
2681 411 5
2713 411 8
3665 411 5
3890 411 1
4064 411 2
5053 411 8
5181 411 10
5248 411 1
5796 411 1
420 412 1
422 412 3
443 412 4
875 412 3
1689 412 5
2048 412 3
2280 412 4
2869 412 9
2904 412 6
4010 412 2
4550 412 4
5019 412 2
5408 412 4
635 413 1
672 413 4
1039 413 2
1443 413 2
1936 413 4
2124 413 6
2642 413 7
2966 413 6
3179 413 7
3626 413 3
3725 413 7
3973 413 2
4344 413 4
4467 413 2
4738 413 6
4745 413 4
4983 413 10
4984 413 9
5258 413 7
5579 413 8
5616 413 7
5618 413 9
460 414 10
638 414 10
791 414 6
993 414 4
1017 414 7
1069 414 6
1137 414 10
1928 414 2
2006 414 7
2255 414 8
2281 414 10
2336 414 10
2355 414 6
2724 414 10
3043 414 2
3265 414 3
3784 414 1
3831 414 8
4048 414 6
4196 414 1
4299 414 10
4524 414 9
4685 414 3
4902 414 1
5047 414 3
5644 414 10
5683 414 5
3049 415 7
3971 415 7
4054 415 2
5349 415 10
5729 415 2
1979 417 2
2359 417 1
3737 417 2
4272 417 4
4315 417 4
5901 417 6
2514 418 10
4853 418 5
1012 419 4
2562 419 10
428 420 5
431 420 10
442 420 8
443 420 8
457 420 5
481 420 5
490 420 3
816 420 3
1699 420 6
2666 420 9
2956 420 3
4109 420 8
978 421 4
2025 421 2
2037 421 4
2553 421 7
3051 421 8
3177 421 9
3402 421 4
3555 421 9
4820 421 9
5234 421 7
5809 421 8
431 422 4
443 422 8
450 422 3
456 422 8
471 422 8
479 422 2
483 422 7
485 422 4
606 422 1
816 422 2
845 422 2
985 422 6
1019 422 5
1125 422 4
1197 422 5
2233 422 8
2924 422 4
2979 422 5
3182 422 4
3447 422 7
3697 422 4
3795 422 7
3802 422 1
4097 422 2
4176 422 1
4282 422 8
4284 422 1
4290 422 9
4311 422 2
4394 422 7
4555 422 7
4561 422 3
4662 422 2
4915 422 5
4976 422 6
5154 422 6
5360 422 7
5867 422 2
5868 422 10
5877 422 2
559 424 8
565 424 4
1204 424 4
2594 424 9
3575 424 4
3727 424 5
5866 424 4
594 425 5
1429 425 2
5253 425 9
772 426 7
1258 426 1
2021 426 3
2049 426 5
2388 426 3
2895 426 3
3762 426 9
5300 426 3
452 427 6
719 427 1
1811 427 2
3899 427 7
4811 427 6
5453 427 2
5990 427 8
5683 428 4
5748 428 3
5750 428 7
5751 428 4
5966 428 9
5978 428 6
6066 428 5
459 429 3
1108 429 7
2524 429 2
2806 429 5
3589 429 2
3811 429 3
4419 429 3
4631 429 1
4774 429 1
5062 429 4
5497 429 9
5562 429 3
831 430 5
995 430 8
1897 430 8
2747 430 2
3197 430 2
3340 430 4
4310 430 5
4540 430 9
4796 430 7
5460 430 8
5970 430 2
432 431 3
442 431 8
514 431 1
842 431 2
1098 431 5
1181 431 3
1210 431 1
1218 431 3
1243 431 7
1613 431 7
1751 431 3
1798 431 1
1949 431 5
2188 431 6
2189 431 5
2324 431 1
2368 431 2
2372 431 2
2425 431 7
2530 431 10
2607 431 8
2850 431 3
2865 431 4
2910 431 7
3072 431 1
3355 431 6
3370 431 10
3478 431 5
3628 431 10
3839 431 8
3865 431 1
3925 431 5
4003 431 1
4031 431 2
4083 431 9
4192 431 8
4477 431 7
4588 431 8
4698 431 6
4761 431 4
4764 431 7
4777 431 9
4886 431 5
5071 431 6
5291 431 3
5370 431 4
5546 431 4
523 432 9
537 432 8
616 432 5
729 432 9
1086 432 1
1218 432 3
1414 432 2
1604 432 6
1820 432 5
1876 432 7
2145 432 8
2431 432 7
2540 432 2
2692 432 3
4026 432 3
4427 432 2
5038 432 9
5039 432 6
5040 432 6
5073 432 3
5257 432 1
5267 432 1
5280 432 8
5614 432 5
5717 432 4
5726 432 3
5741 432 3
5979 432 6
483 433 4
647 433 2
1101 433 8
1712 433 2
2001 433 3
2812 433 4
4403 433 3
5529 433 7
441 434 10
1303 434 8
3522 434 10
4040 434 5
438 435 9
457 435 6
2437 435 2
2853 435 4
4506 435 3
763 436 2
808 436 7
1499 436 5
1531 436 10
1986 436 10
2573 436 5
2710 436 10
3340 436 6
4304 436 2
4695 436 6
5080 436 8
5595 436 2
5676 436 4
5870 436 4
467 437 4
470 437 8
733 437 4
1257 437 5
1540 437 3
1567 437 3
1591 437 9
1784 437 7
1882 437 8
2041 437 8
2601 437 1
2972 437 8
3003 437 4
3652 437 1
3691 437 6
4321 437 8
4674 437 8
4879 437 8
5106 437 4
5526 437 6
5584 437 2
457 438 4
480 438 6
648 439 7
1176 439 8
1857 439 4
1953 439 3
2206 439 5
2235 439 9
2362 439 9
2377 439 4
3199 439 5
3357 439 7
3543 439 4
3554 439 7
3696 439 6
3924 439 3
4028 439 4
4052 439 7
4370 439 3
4702 439 5
4909 439 4
5011 439 8
5261 439 7
5361 439 8
5503 439 7
5629 439 8
457 440 8
1866 440 7
1867 440 9
2276 440 6
2488 440 3
2528 440 9
2855 440 6
2883 440 9
3956 440 8
4316 440 2
4536 440 3
4590 440 8
4779 440 2
4794 440 5
4822 440 9
4843 440 2
5344 440 3
5673 440 6
6099 440 1
460 441 9
485 441 10
535 441 2
763 441 6
1230 441 4
1582 441 2
1785 441 9
1968 441 10
2250 441 6
2258 441 8
2492 441 9
2795 441 7
3088 441 2
3901 441 4
4223 441 2
4329 441 7
4683 441 6
4909 441 3
5182 441 7
5293 441 9
5649 441 2
5725 441 5
457 442 3
536 442 5
942 442 8
976 442 7
1091 442 5
1625 442 2
1771 442 9
2131 442 10
2333 442 1
2726 442 8
2873 442 3
3204 442 10
3908 442 5
3969 442 8
4636 442 5
4703 442 3
4728 442 6
5311 442 7
5828 442 2
456 443 1
460 443 2
1128 443 5
1395 443 1
1480 443 2
1979 443 3
1997 443 1
2045 443 2
2107 443 2
2314 443 3
2362 443 8
2545 443 3
2704 443 4
2820 443 8
2841 443 2
2845 443 4
2869 443 9
2877 443 8
2904 443 5
3317 443 6
3553 443 9
3554 443 2
3982 443 2
4027 443 7
4052 443 3
4184 443 10
4187 443 3
4213 443 10
4253 443 2
4282 443 8
4284 443 8
4297 443 8
4365 443 4
4370 443 10
4409 443 4
4472 443 1
4727 443 8
4818 443 8
5189 443 7
5264 443 9
5270 443 7
5503 443 1
5635 443 2
5821 443 1
457 444 10
473 444 2
474 444 9
1477 444 10
2503 444 8
2943 444 9
3013 444 7
3545 444 9
3885 444 6
4579 444 2
614 445 10
744 445 5
913 445 1
1274 445 8
1332 445 2
1642 445 4
1871 445 2
2154 445 9
2493 445 4
2596 445 10
2813 445 3
2928 445 6
3185 445 9
3426 445 6
3750 445 7
3881 445 8
3921 445 1
4009 445 6
4847 445 9
4859 445 10
4997 445 9
5065 445 1
5309 445 1
5323 445 2
5593 445 5
760 446 10
1064 446 5
2863 446 10
3776 446 9
4217 446 5
5660 446 9
5985 446 6
6098 446 1
802 447 10
984 447 3
1356 447 5
1485 447 6
1800 447 2
2036 447 9
2209 447 7
2233 447 1
4176 447 4
4205 447 8
4250 447 8
4334 447 2
4559 447 4
4582 447 9
5014 447 6
5109 447 10
766 448 8
909 448 3
1254 448 4
1361 448 6
1486 448 10
1738 448 1
2002 448 1
2633 448 1
2722 448 4
2997 448 8
3282 448 1
3283 448 8
3661 448 10
4107 448 4
4233 448 8
4368 448 6
4515 448 3
4956 448 7
5373 448 1
5477 448 5
5736 448 2
5784 448 1
579 449 6
731 449 2
944 449 10
1562 449 2
1674 449 6
1699 449 7
1959 449 9
2704 449 4
3787 449 4
3803 449 1
3975 449 3
5184 449 4
5981 449 5
483 450 10
1422 450 1
2869 450 9
2979 450 3
4136 450 4
4435 450 4
5600 450 10
554 451 2
557 451 4
599 451 5
750 451 2
889 451 3
894 451 4
1110 451 8
1560 451 6
1928 451 9
1962 451 10
2304 451 3
2353 451 5
2355 451 5
2364 451 6
2520 451 10
2542 451 1
2664 451 9
3449 451 4
3631 451 1
3657 451 4
3739 451 4
4251 451 2
4304 451 9
4490 451 6
4524 451 10
4803 451 8
4902 451 6
4936 451 8
5112 451 3
5116 451 3
5437 451 9
5664 451 1
5734 451 1
5882 451 3
739 452 8
916 452 8
1110 452 4
1116 452 5
1363 452 3
1811 452 7
2186 452 3
3087 452 10
3306 452 10
3772 452 5
3813 452 7
3859 452 5
3897 452 6
4750 452 7
5243 452 5
5391 452 7
5560 452 6
5642 452 5
5657 452 10
5703 452 3
2572 453 8
3254 453 5
6089 453 1
473 454 4
977 454 1
1465 454 1
1469 454 10
1567 454 7
1622 454 5
2454 454 2
2700 454 6
2992 454 3
3154 454 9
3318 454 2
3527 454 7
3691 454 4
3713 454 3
3905 454 9
4024 454 8
4701 454 6
4968 454 6
5158 454 5
5350 454 6
5524 454 1
6042 454 6
479 455 4
784 455 3
1023 455 5
1271 455 10
1846 455 4
2884 455 3
3473 455 1
3984 455 4
4153 455 5
4274 455 2
4454 455 7
4824 455 1
5195 455 3
5229 455 2
5360 455 4
5476 455 5
5767 455 5
5854 455 6
460 456 1
479 456 1
483 456 4
999 456 8
1094 456 5
1127 456 10
1689 456 1
1822 456 2
1873 456 5
2098 456 10
2212 456 2
2280 456 3
2362 456 3
2472 456 6
2595 456 3
2827 456 1
2932 456 5
2949 456 2
3706 456 5
3757 456 3
3882 456 2
3883 456 7
3889 456 3
4146 456 2
4187 456 8
4198 456 3
4224 456 10
4284 456 2
4383 456 10
4398 456 5
4478 456 3
4630 456 3
4805 456 9
4976 456 5
5159 456 10
5271 456 3
5675 456 7
6056 456 7
582 457 5
732 457 6
1495 457 10
1575 457 3
1735 457 10
3031 457 4
3598 457 8
4412 457 6
4476 457 6
4804 457 10
3370 458 4
890 459 2
1108 459 10
2234 459 10
2888 459 9
3454 459 6
3991 459 5
4361 459 2
4474 459 10
5062 459 9
5807 459 8
5986 459 9
4509 460 5
4741 460 2
4765 460 8
4836 460 5
5005 460 8
5019 460 6
5127 460 4
5141 460 5
5301 460 4
5319 460 10
5426 460 5
5434 460 3
5478 460 2
5486 460 1
5550 460 7
5561 460 7
5611 460 1
5636 460 1
6015 460 5
6016 460 6
486 461 2
681 461 5
824 461 2
920 461 8
1031 461 2
1809 461 1
2064 461 8
2668 461 6
3006 461 3
3185 461 1
3278 461 8
3487 461 6
3717 461 2
3774 461 6
3797 461 9
3965 461 1
4170 461 9
4832 461 2
4833 461 1
5076 461 3
5192 461 9
5193 461 8
5670 461 6
5781 461 2
1314 462 6
1844 462 1
1915 462 2
2137 462 4
2162 462 10
2680 462 9
2831 462 5
2858 462 6
3032 462 4
3164 462 4
3546 462 9
3641 462 4
3818 462 10
3845 462 6
3847 462 1
4352 462 5
4659 462 7
5198 462 3
5525 462 6
5878 462 4
5915 462 7
5920 462 3
6075 462 7
860 463 1
1014 463 10
1162 463 10
2114 463 5
2375 463 3
2583 463 9
3748 463 10
3886 463 4
3919 463 8
4080 463 4
4279 463 10
4665 463 5
5247 463 9
5560 463 8
510 464 3
757 464 8
1724 464 5
2886 464 10
3012 464 6
3697 464 6
5461 464 2
5783 464 4
484 465 3
2440 465 4
4829 465 8
5816 466 1
5834 466 9
470 467 9
1005 467 5
1006 467 4
1168 467 9
2215 467 5
2323 467 9
2614 467 2
2770 467 7
2907 467 6
3228 467 8
3838 467 4
3842 467 1
4024 467 10
4346 467 2
4766 467 2
4768 467 9
4879 467 8
5075 467 10
5526 467 9
5993 467 3
1133 468 8
1235 468 4
2204 468 9
2535 468 1
3886 468 2
4227 468 10
4315 468 10
4636 468 1
5911 468 9
2892 469 4
4185 469 6
720 470 6
733 470 6
1005 470 8
1045 470 4
1140 470 8
1456 470 6
1567 470 8
2464 470 4
2509 470 1
2972 470 5
3003 470 4
3691 470 6
3838 470 2
4024 470 2
4168 470 7
4281 470 8
4399 470 8
4412 470 1
4674 470 6
4714 470 7
5947 470 8
503 472 3
518 472 6
930 472 3
1147 472 4
1290 472 2
1603 472 6
2171 472 10
3059 472 7
3262 472 2
3935 472 7
3937 472 4
3961 472 6
4445 472 9
4449 472 10
4491 472 4
4906 472 7
5123 472 4
5683 472 6
952 473 3
1467 473 1
1938 473 1
2243 473 2
2318 473 2
2469 473 9
2838 473 3
3766 473 1
4115 473 8
4375 473 9
4494 473 5
4753 473 4
4817 473 4
5399 473 8
5459 473 7
5584 473 5
5647 473 2
908 474 10
1362 474 6
1674 474 5
2275 474 1
2828 474 3
2894 474 10
4592 474 3
714 475 5
790 475 3
3153 475 3
3172 475 1
3311 475 4
4919 475 5
5003 475 10
5068 475 1
5121 475 9
5355 475 8
5496 475 10
479 476 2
1277 476 2
1296 476 2
1297 476 6
1298 476 8
1305 476 2
1832 476 9
2263 476 5
3161 476 1
3301 476 6
3381 476 7
3382 476 5
3391 476 3
3393 476 3
3394 476 10
3464 476 10
3521 476 3
3699 476 5
5353 476 2
5422 476 1
5694 476 10
5698 476 8
5704 476 4
5712 476 9
5841 476 9
5928 476 5
5940 476 8
5943 476 8
5962 476 4
5964 476 5
6041 476 10
6050 476 4
6060 476 6
6062 476 10
6071 476 2
806 477 8
831 477 10
1986 477 7
2478 477 8
3664 477 1
3758 477 10
5682 477 6
726 478 7
891 478 3
2384 478 9
2840 478 7
3248 478 9
3891 478 9
5881 478 8
5084 479 9
5131 479 6
5142 479 8
5295 479 7
5433 479 1
5483 479 9
5617 479 2
5695 479 10
5740 479 6
5833 479 6
5962 479 4
1413 480 1
4648 480 3
5815 480 5
656 481 10
725 481 3
736 481 2
801 481 9
1127 481 3
1661 481 4
1666 481 5
2741 481 5
3225 481 9
3740 481 3
3839 481 10
4103 481 6
4300 481 6
4467 481 8
5084 481 2
5579 481 10
5939 481 2
496 482 9
831 482 1
938 482 8
1322 482 8
1847 482 8
1899 482 1
2052 482 6
2066 482 10
2517 482 4
2532 482 5
3475 482 7
4474 482 7
4519 482 10
4602 482 8
4888 482 3
5733 482 4
5840 482 1
5905 482 5
556 483 9
749 483 2
814 483 3
1094 483 8
1379 483 6
1422 483 3
1554 483 7
1597 483 2
1615 483 1
1671 483 4
1689 483 5
1807 483 9
1821 483 5
2032 483 3
2246 483 4
2339 483 8
2560 483 1
2834 483 6
2864 483 9
2932 483 5
2936 483 4
3125 483 5
3410 483 1
3453 483 5
3689 483 6
3696 483 3
3814 483 10
3982 483 3
4068 483 1
4120 483 4
4306 483 1
4318 483 10
4550 483 6
4637 483 5
4737 483 9
4763 483 6
4786 483 9
4834 483 4
4902 483 7
4928 483 1
5277 483 6
5527 483 6
5829 483 8
6093 483 10
1208 484 4
1320 484 1
1378 484 8
2440 484 5
2461 484 10
2761 484 2
2951 484 2
3166 484 10
3369 484 3
3957 484 5
4379 484 4
5210 484 4
5819 484 2
557 485 4
853 485 4
1074 485 4
1200 485 10
1230 485 4
1396 485 8
1481 485 9
1715 485 9
1770 485 3
1779 485 3
2001 485 10
2062 485 4
2333 485 1
2457 485 4
2492 485 4
2707 485 2
2760 485 10
3431 485 9
3458 485 9
3595 485 8
3863 485 9
3874 485 4
4034 485 5
4223 485 7
4245 485 4
4290 485 8
4343 485 4
4474 485 5
4490 485 4
4557 485 2
4660 485 6
4662 485 8
4695 485 4
4711 485 8
4840 485 1
4868 485 1
5171 485 7
5207 485 10
5407 485 3
5788 485 5
5919 485 2
6044 485 4
655 486 3
895 486 1
929 486 2
1570 486 2
1629 486 9
1724 486 1
1780 486 10
2268 486 9
2314 486 9
2927 486 1
3882 486 4
4160 486 6
4178 486 10
4296 486 2
4349 486 5
4943 486 4
5223 486 3
5279 486 3
5393 486 5
5961 486 6
1814 487 3
3492 487 4
4314 487 5
4852 487 8
5663 487 10
677 488 9
755 488 3
946 488 1
959 488 7
1270 488 1
1315 488 10
1359 488 7
1584 488 6
1618 488 2
1747 488 10
1859 488 6
1923 488 2
1963 488 6
2113 488 10
2208 488 3
2696 488 9
2859 488 1
3093 488 5
3122 488 5
3132 488 1
3192 488 9
3459 488 8
3609 488 2
3633 488 1
3654 488 1
4234 488 1
4294 488 1
4322 488 10
4743 488 7
4960 488 8
5387 488 5
5534 488 4
5567 488 8
5627 488 4
5896 488 6
5910 488 6
1161 489 6
1193 489 5
1888 489 3
1972 489 3
2077 489 9
2155 489 7
2491 489 2
2725 489 5
3447 489 6
3756 489 4
4518 489 9
5089 489 1
5138 489 4
2174 490 1
2386 490 3
2921 490 2
2957 490 7
3178 490 5
3487 490 1
3628 490 2
4822 490 4
5189 490 5
4204 491 8
589 492 9
2040 492 8
4661 492 6
