5041 0 1 1
10
387 1 9
396 1 9
452 1 2
3554 2 5
3587 2 2
3588 2 4
3638 2 1
3584 3 5
4931 4 8
89 5 6
14 6 5
121 6 1
9 7 9
9 8 2
10 9 3
11 10 8
62 10 8
76 10 1
206 10 3
209 10 8
51 11 2
95 12 9
126 12 9
14 13 6
15 14 7
16 14 10
84 14 4
17 15 4
18 15 6
30 15 9
148 15 8
20 19 6
191 19 5
21 20 6
131 20 3
200 21 1
52 22 1
177 22 5
4446 23 9
4447 24 2
54 25 10
4462 25 3
59 26 3
137 26 2
95 27 6
132 27 7
140 27 5
204 27 5
162 28 2
167 28 6
99 29 4
131 30 10
161 30 9
124 31 7
141 31 3
63 32 8
105 32 3
156 33 9
175 33 2
35 34 3
36 35 10
98 35 5
37 36 10
70 36 2
142 36 8
143 36 7
38 37 9
39 37 9
40 37 9
48 37 8
158 37 8
98 41 1
203 41 6
43 42 5
59 42 3
168 42 10
219 42 10
233 42 1
99 43 8
182 43 4
95 44 2
164 44 3
48 45 7
48 46 9
48 47 6
185 47 4
172 48 1
76 49 4
102 49 4
107 49 4
4449 50 5
140 51 8
206 51 7
121 52 5
195 52 2
112 53 2
120 53 10
173 53 8
232 54 9
110 55 9
148 55 5
89 56 2
108 56 5
120 57 10
150 57 10
153 57 9
176 57 1
199 57 1
99 58 9
2563 58 6
60 59 7
168 59 6
61 60 10
155 61 7
189 62 10
210 62 7
155 63 6
69 64 10
69 65 4
69 66 4
70 67 7
71 68 9
70 69 8
980 69 1
4894 69 2
71 70 1
1031 70 10
1053 70 7
2345 70 2
109 71 2
87 72 9
225 72 10
74 73 6
113 73 5
216 73 6
92 74 9
232 74 2
99 75 7
78 77 9
87 77 8
111 77 3
186 77 9
171 78 10
192 78 1
80 79 2
110 79 9
81 80 7
185 81 9
200 81 8
990 81 8
83 82 3
2563 82 7
99 83 6
219 84 8
222 84 4
4447 85 8
4462 85 6
152 86 4
4449 86 9
111 87 8
89 88 10
90 88 10
91 89 2
173 89 9
179 89 5
196 89 8
199 89 7
497 92 7
4447 92 3
95 93 4
124 93 2
175 93 2
95 94 5
96 95 6
132 95 8
130 96 7
172 96 4
145 97 9
149 97 8
101 99 6
126 99 4
136 99 3
206 99 5
101 100 4
4460 100 8
124 102 2
211 102 3
141 103 8
146 104 7
154 104 3
191 104 10
175 105 6
223 105 5
185 106 7
1031 106 8
1056 106 4
187 107 3
179 108 10
117 109 9
208 109 7
4121 109 10
149 112 10
193 112 5
205 112 1
114 113 1
216 113 8
130 114 4
3771 114 8
116 115 4
206 116 1
118 117 3
119 117 3
208 117 8
523 117 7
149 120 9
176 120 7
123 122 5
124 123 1
141 124 2
154 125 3
174 125 8
195 125 6
233 125 6
209 126 8
130 127 6
130 128 1
130 129 2
208 130 10
236 130 1
4113 130 2
140 132 10
4462 133 3
2563 134 10
223 135 5
237 135 9
237 136 1
147 137 5
224 138 7
225 138 5
230 138 9
140 139 7
141 139 10
144 139 9
151 139 5
206 139 4
4883 139 10
141 140 2
142 141 10
187 141 3
143 142 5
152 144 8
203 144 9
235 144 9
193 145 9
195 146 3
197 146 4
154 147 3
199 150 4
182 151 1
192 151 2
199 153 4
155 154 2
157 154 8
158 154 6
159 154 4
156 155 10
158 155 3
160 155 2
174 155 9
190 157 10
194 158 9
197 162 8
164 163 1
166 163 9
165 164 10
192 164 9
177 167 5
171 169 4
230 169 6
171 170 2
188 170 6
228 170 4
172 171 9
190 175 8
179 178 6
180 178 8
181 178 7
200 180 10
207 180 10
185 183 4
185 184 8
201 185 4
998 185 5
188 186 3
229 188 8
231 188 4
206 189 8
194 193 7
205 196 2
202 198 2
201 199 7
202 199 8
202 200 4
208 206 1
208 207 7
212 211 9
213 211 2
214 211 2
216 215 3
500 215 5
226 217 6
229 217 4
219 218 4
225 220 4
222 221 5
226 222 4
228 224 7
230 227 1
231 227 7
235 234 9
238 237 5
253 239 7
319 239 7
4424 239 3
241 240 4
334 240 5
355 240 5
317 241 8
328 241 4
338 241 4
243 242 4
352 242 1
285 243 9
364 243 3
365 243 9
366 243 1
367 243 2
343 244 5
356 244 8
336 245 6
362 245 6
248 246 8
248 247 8
258 247 9
299 247 9
372 247 5
379 247 9
331 248 2
251 249 7
251 250 1
281 250 1
306 250 3
313 250 3
314 250 5
361 250 4
253 252 2
290 252 10
320 252 2
368 252 4
371 252 4
254 253 2
290 253 7
323 253 6
377 253 1
338 254 1
4363 254 10
256 255 3
285 255 9
330 255 6
286 256 4
300 256 9
260 257 2
260 258 3
311 258 7
361 258 9
369 258 5
382 258 1
300 259 4
307 259 6
312 259 1
262 261 7
288 261 8
351 261 7
370 261 8
383 261 1
263 262 5
268 262 8
335 262 9
345 263 7
346 263 2
322 264 8
4416 264 5
282 265 10
335 265 7
309 266 10
268 267 2
351 267 4
270 269 2
347 270 9
363 270 4
275 271 6
275 272 1
275 273 1
373 273 4
275 274 4
276 275 3
326 275 2
363 275 3
287 277 4
352 277 10
315 278 5
343 278 6
299 279 5
336 279 9
379 279 6
281 280 2
283 280 3
296 280 1
303 280 8
314 280 9
306 281 9
313 281 10
314 281 8
361 281 9
335 282 6
285 283 6
296 283 4
303 283 6
314 283 4
285 284 4
286 285 6
297 285 7
306 285 4
367 285 1
307 286 1
317 286 8
1179 286 8
352 288 5
291 289 4
337 291 1
4436 291 5
293 292 1
326 293 9
363 293 3
299 294 6
301 295 8
297 296 1
303 296 4
314 296 7
366 297 1
301 298 1
309 298 1
341 298 4
300 299 1
336 299 7
344 299 8
317 300 3
363 300 7
303 302 1
314 303 8
308 304 4
317 304 8
306 305 7
307 306 9
314 306 2
317 307 8
324 309 1
341 309 6
354 310 1
359 310 8
4432 310 5
312 311 5
369 311 9
345 312 9
346 312 10
314 313 7
316 315 1
327 315 8
317 316 1
357 316 6
338 317 1
319 318 8
1120 318 2
337 319 1
321 320 6
323 320 2
371 320 7
322 321 10
4342 322 9
326 325 2
4429 327 2
329 328 5
380 328 6
331 330 9
358 331 6
341 332 7
381 332 2
334 333 3
354 333 8
356 333 1
353 335 9
374 336 7
338 337 1
339 337 1
340 339 3
342 341 10
347 342 3
344 343 4
356 343 1
353 348 9
353 349 3
351 350 4
370 351 3
353 352 1
355 354 2
356 354 4
375 354 2
4426 354 8
4427 355 6
357 356 2
378 358 8
362 360 1
382 361 4
363 362 6
371 368 1
379 372 10
379 376 4
385 384 1
430 384 2
446 384 4
455 384 1
456 384 10
463 384 10
394 385 5
427 385 6
448 385 8
387 386 8
388 387 6
446 387 7
447 387 10
2308 387 9
431 389 1
438 390 8
2283 390 6
392 391 10
393 392 6
395 392 7
410 392 2
424 392 9
403 393 9
407 393 3
426 393 9
437 393 10
396 394 8
397 394 3
448 394 10
2224 394 3
443 395 8
458 395 9
420 396 7
2214 396 1
2394 396 1
398 397 1
399 397 1
400 397 6
401 397 6
421 397 10
2232 397 9
2284 397 2
403 402 7
404 403 9
412 403 10
436 403 1
437 403 9
440 403 6
406 405 2
407 406 9
432 406 4
458 406 5
461 406 2
409 408 6
438 409 2
452 409 10
457 409 2
432 410 3
412 411 10
1217 412 5
474 413 1
1249 413 3
415 414 10
416 414 8
453 414 4
460 414 4
463 414 2
465 414 8
469 414 5
426 415 8
418 417 3
431 417 5
445 417 5
451 417 9
470 417 2
422 419 2
422 420 8
457 420 2
422 421 4
427 421 3
2284 421 7
440 423 1
1425 423 9
1785 423 3
431 424 7
426 425 5
444 425 5
445 425 8
427 426 5
428 427 9
448 427 5
3988 427 4
1126 428 4
453 429 6
460 429 7
447 430 5
471 430 2
442 431 2
470 431 5
433 432 9
434 432 5
473 432 8
437 433 2
436 435 3
462 436 6
1298 436 3
440 439 7
473 439 8
474 439 6
442 441 7
443 442 9
467 443 8
465 444 1
469 444 6
450 449 3
466 450 8
468 450 10
469 451 5
454 452 4
464 454 5
456 455 4
471 455 10
460 456 1
466 457 3
461 458 9
462 459 5
468 464 2
470 465 4
473 472 5
482 475 7
4174 475 7
4114 476 2
4447 476 1
478 477 7
481 478 10
485 478 4
480 479 9
493 479 6
499 479 7
481 480 8
482 480 1
494 481 3
492 482 9
4112 482 2
486 483 9
490 483 5
495 483 2
496 483 3
485 484 2
3770 484 6
486 485 10
494 485 6
497 485 8
487 486 3
490 486 8
498 486 8
499 486 10
495 487 9
492 488 4
1184 489 4
1202 489 1
2427 491 9
2543 491 10
2544 491 1
2549 491 7
2681 491 10
2800 491 3
2833 491 2
2835 491 6
2836 491 1
2837 491 5
2950 491 1
494 493 9
498 493 7
4447 494 3
497 496 7
500 497 10
502 501 4
550 502 2
571 502 7
574 502 10
505 503 7
505 504 8
524 505 8
557 505 1
565 505 7
549 506 1
552 506 9
540 507 7
547 507 1
566 507 6
540 508 1
547 508 6
567 508 9
566 509 2
567 509 1
546 510 7
572 510 1
573 510 9
562 511 1
513 512 4
514 512 10
535 512 8
539 512 9
551 512 7
552 512 8
4459 515 10
520 516 2
521 517 3
521 518 9
521 519 10
3983 519 5
521 520 7
2313 521 1
523 522 5
829 522 4
833 522 4
4449 522 1
4459 522 3
571 523 10
4121 523 5
525 524 8
526 524 2
533 524 8
529 525 2
531 526 8
528 527 9
533 527 8
4146 527 9
530 529 5
531 529 8
532 531 9
534 533 10
549 533 5
557 533 9
565 533 5
569 533 3
574 533 2
571 534 3
539 535 5
551 535 7
537 536 3
560 536 10
575 536 6
538 537 1
558 537 8
552 539 3
541 540 5
542 540 7
543 540 10
544 540 7
545 540 6
570 541 2
570 542 3
551 543 10
546 544 3
562 544 1
566 544 7
546 545 10
562 545 3
567 545 5
554 547 10
555 547 4
559 547 2
560 547 10
549 548 1
556 548 10
550 549 6
552 549 5
553 549 8
569 549 8
552 551 2
556 553 7
556 554 4
556 555 3
564 557 5
559 558 3
564 558 3
563 559 2
562 561 7
564 563 10
1482 565 5
1483 565 6
4212 565 5
569 568 7
571 570 3
4459 570 1
4165 571 4
658 576 5
660 576 10
661 576 5
731 576 3
583 577 2
626 577 8
641 577 9
579 578 10
595 579 9
611 579 3
665 580 1
703 580 5
721 581 4
726 581 6
586 582 4
627 582 10
584 583 3
585 583 7
613 583 6
646 583 7
586 585 5
653 585 6
668 585 3
673 585 6
681 585 5
615 586 4
588 587 1
619 588 5
625 588 4
670 588 1
680 588 5
704 588 6
598 589 3
591 590 1
592 590 9
595 590 8
693 590 9
594 593 5
598 593 3
631 593 5
596 595 2
597 595 4
629 595 7
706 595 1
599 598 1
600 598 10
601 598 5
602 598 8
603 598 10
621 598 3
658 598 1
605 604 4
606 605 3
607 605 10
658 605 9
692 605 5
659 606 6
667 606 8
611 608 7
610 609 2
611 610 8
612 610 5
658 610 7
663 610 6
723 611 3
614 613 4
641 613 1
701 613 7
615 614 8
620 615 6
637 615 4
677 615 10
617 616 1
640 617 8
726 617 5
619 618 8
669 619 9
627 620 9
623 622 8
654 623 2
737 623 2
625 624 5
656 625 6
669 625 4
709 625 10
629 628 3
659 629 6
631 630 8
697 631 2
633 632 7
635 633 7
640 633 2
669 633 4
690 633 4
719 633 2
635 634 8
726 635 5
637 636 8
649 637 7
672 638 9
710 638 10
714 638 8
729 638 9
640 639 3
654 640 9
682 640 8
686 640 10
726 640 10
642 641 3
659 643 6
645 644 9
649 645 1
688 645 3
647 646 3
705 646 3
649 648 1
651 650 4
726 651 4
654 652 2
654 653 3
681 653 3
727 653 3
686 654 7
726 654 4
656 655 3
670 656 8
690 656 2
659 657 7
659 658 8
697 658 6
713 659 9
739 659 4
663 662 1
692 663 1
665 664 10
667 666 6
693 667 5
669 668 9
681 668 7
727 668 10
719 669 8
705 671 2
673 672 9
714 672 7
674 673 10
675 673 5
677 676 7
703 676 9
721 678 2
726 678 5
680 679 7
682 680 10
682 681 9
683 681 2
684 681 2
694 681 7
727 681 6
686 682 5
688 682 10
703 682 4
709 682 1
686 685 1
688 687 10
690 689 1
733 690 2
692 691 2
695 693 2
727 693 1
739 693 4
3770 693 3
696 695 4
727 695 7
698 697 7
700 699 1
729 699 4
703 701 7
703 702 1
735 703 2
714 705 2
708 707 7
710 707 1
711 710 3
713 712 9
723 713 5
715 714 3
717 716 6
721 717 9
719 718 10
721 720 4
726 721 4
728 721 2
723 722 7
724 723 3
726 725 6
727 726 9
3782 727 8
730 729 10
733 732 9
735 734 3
737 735 4
737 736 2
739 738 9
741 740 9
750 740 4
764 740 10
749 741 3
751 741 10
758 741 5
816 741 9
745 742 7
744 743 10
760 743 7
763 743 7
780 743 10
745 744 9
746 744 10
761 744 2
778 744 10
805 744 8
747 745 1
803 745 8
816 745 6
1231 745 8
781 748 10
751 749 8
752 749 5
776 749 9
806 749 4
753 750 4
806 750 10
754 751 5
758 751 7
777 751 10
2414 753 8
2415 754 9
765 755 7
784 755 7
804 755 6
758 756 7
758 757 3
788 757 10
759 758 8
792 758 6
813 759 10
814 759 1
824 759 7
825 759 3
761 760 1
763 760 2
779 760 3
815 761 4
763 762 8
779 763 1
781 763 10
790 763 6
778 764 5
815 764 4
816 764 10
775 765 9
821 765 8
767 766 7
804 767 8
772 768 3
773 769 10
773 770 10
772 771 5
786 771 3
798 771 2
773 772 1
774 772 7
787 772 9
824 773 8
825 773 3
782 775 3
818 775 5
787 777 1
4929 777 10
2418 778 4
815 779 5
790 780 7
796 780 7
782 781 3
784 781 9
785 781 10
790 781 6
800 781 9
804 781 8
804 783 2
4935 783 9
792 784 7
801 784 5
787 786 3
792 788 3
804 788 5
790 789 1
2305 791 3
2418 791 5
804 792 9
794 793 4
795 794 7
812 794 10
1215 794 10
805 795 2
797 796 8
805 796 6
809 796 6
800 799 6
802 801 6
1231 801 1
1258 801 3
2208 803 1
808 804 8
822 804 1
1403 805 2
808 807 8
810 809 2
823 810 1
812 811 1
823 812 2
1125 812 1
1228 813 4
1229 814 8
817 816 6
819 818 1
820 819 9
821 820 4
4941 820 9
1125 823 2
827 826 8
845 826 10
830 827 9
4463 827 2
829 828 2
846 828 1
859 828 5
878 828 9
838 829 6
835 830 9
837 830 2
4459 830 8
4445 831 2
833 832 4
856 832 9
868 832 10
869 832 2
870 832 8
896 832 6
904 832 2
905 832 4
906 832 3
907 832 1
911 832 6
920 832 6
921 832 7
933 832 9
835 834 2
855 834 1
863 834 8
867 834 6
875 834 7
892 834 3
837 836 1
893 836 6
897 836 10
854 838 1
872 838 1
873 838 4
4459 838 4
840 839 1
854 839 10
841 840 6
2352 841 3
843 842 8
4180 843 2
862 844 5
863 844 3
864 844 5
4458 844 4
847 845 1
866 845 3
878 846 9
904 846 9
848 847 3
861 847 5
871 847 8
881 847 5
885 847 9
895 847 6
901 847 9
913 847 5
849 848 1
912 848 4
880 849 10
887 849 4
888 849 2
889 849 2
890 849 5
856 850 5
908 850 3
909 850 9
910 850 6
855 851 3
899 851 9
855 852 1
854 853 6
866 853 2
874 853 2
901 853 4
903 853 1
856 855 9
860 855 7
862 855 1
864 855 9
865 855 4
892 855 9
857 856 5
861 856 6
4459 857 9
883 858 5
894 858 7
903 858 8
886 859 6
861 860 4
865 860 3
882 860 7
884 860 9
884 865 8
922 865 8
896 870 10
900 870 4
886 872 6
929 872 8
930 873 9
931 874 10
886 875 8
898 875 10
902 875 10
877 876 6
879 876 3
882 876 7
894 876 4
895 877 5
896 877 8
893 879 3
929 879 1
930 879 5
931 879 9
901 881 4
892 882 10
884 883 2
932 883 5
885 884 6
929 886 2
903 891 3
930 891 8
897 893 3
895 894 8
897 896 6
898 896 6
931 900 8
929 902 9
929 903 2
930 903 6
932 903 4
918 913 8
919 913 9
918 914 7
918 915 4
919 916 4
919 917 6
927 922 5
928 922 4
927 923 7
927 924 1
928 925 4
928 926 3
930 929 6
1015 934 2
1054 934 10
936 935 1
937 935 5
970 935 10
970 936 8
942 937 3
939 938 3
955 938 9
1011 938 5
1051 938 8
941 940 7
957 940 1
962 940 4
985 940 6
1017 941 7
1037 941 10
1052 941 6
943 942 3
995 942 1
1015 942 10
947 943 8
960 943 7
945 944 8
1004 944 6
1006 944 9
1029 944 7
946 945 4
996 945 6
1029 945 4
1007 946 7
1059 946 5
948 947 10
950 949 2
951 949 7
965 949 5
1048 949 7
1049 949 8
952 950 2
963 950 7
1044 950 6
952 951 3
971 951 1
1035 951 3
972 952 4
979 952 10
1001 952 6
954 953 10
976 953 3
1024 953 7
1025 953 3
1057 953 7
984 954 8
1012 954 6
1031 954 8
1053 954 9
974 955 5
1051 955 1
984 956 10
958 957 6
1016 957 2
1051 957 9
960 959 5
994 959 8
1050 959 2
1007 960 10
966 961 4
988 961 5
1056 962 1
994 963 2
992 964 1
1014 964 10
1031 964 7
1026 965 1
967 966 4
974 966 2
1022 966 8
998 967 8
969 968 2
1027 968 9
1007 969 10
1058 969 7
996 970 8
1022 970 10
972 971 3
997 971 7
1027 972 7
1038 972 5
974 973 2
1022 974 10
1024 975 8
1025 975 6
1032 975 2
1011 976 9
1055 976 4
1035 977 5
1049 977 5
993 978 5
1048 978 4
1006 979 5
981 980 5
1037 980 1
4856 981 4
983 982 4
1016 982 6
1056 982 9
986 985 6
1051 985 3
1011 987 4
1013 987 6
1045 987 2
989 988 10
990 988 5
998 990 2
995 991 1
1012 992 9
1055 992 6
994 993 1
999 993 2
1048 993 8
1050 994 9
1000 995 9
1029 996 1
1002 997 6
1007 998 2
1058 998 9
1035 999 8
1027 1001 5
1003 1002 6
1006 1003 2
1046 1004 3
1022 1005 7
1029 1005 9
1007 1006 4
1008 1006 9
1009 1006 3
1010 1006 4
1015 1006 4
1027 1006 6
1038 1006 9
1050 1006 2
1058 1007 6
1012 1011 6
1057 1011 1
1014 1013 8
1045 1013 7
1017 1016 10
1018 1017 1
1020 1019 9
1023 1019 8
1032 1020 4
1047 1020 5
1051 1020 7
1022 1021 6
1047 1023 7
1051 1023 4
1060 1023 7
1051 1024 2
1060 1024 7
1051 1025 7
1060 1025 1
1027 1026 2
1028 1027 6
1044 1027 6
1046 1027 9
1031 1030 7
1034 1031 8
1039 1031 6
1040 1031 3
1041 1031 1
4895 1031 7
1033 1032 1
1047 1032 4
1053 1033 4
4903 1034 9
1036 1035 6
1050 1036 6
1043 1042 5
1045 1042 6
1057 1042 2
1060 1047 9
1052 1051 6
1053 1051 1
1059 1053 1
1062 1061 10
1063 1061 6
1543 1061 1
2003 1061 10
2036 1061 10
1445 1062 9
1445 1063 3
1066 1064 7
1161 1064 5
1332 1064 1
1626 1064 1
1810 1064 5
1177 1065 3
1092 1066 8
1120 1066 3
1853 1067 10
1902 1067 5
2070 1067 3
1069 1068 2
1419 1068 10
1970 1068 2
1420 1069 3
1071 1070 10
1197 1070 7
1198 1070 4
1301 1070 1
1498 1070 1
1499 1070 5
1567 1070 2
1270 1071 5
1372 1071 2
1554 1072 5
1616 1072 3
2029 1072 8
1074 1073 3
1192 1073 5
1209 1073 5
1281 1073 10
1315 1073 4
1470 1073 8
1555 1073 7
1193 1074 1
1314 1074 5
1077 1075 7
1160 1075 3
1507 1075 1
1077 1076 1
1218 1076 8
1906 1076 9
1225 1078 5
1080 1079 1
1245 1079 9
1307 1079 5
1314 1079 9
1460 1079 10
1335 1081 8
1560 1081 3
1155 1082 3
1561 1082 3
1943 1082 10
1225 1083 6
1511 1083 2
1729 1083 2
1751 1083 5
1296 1084 7
1447 1084 1
1504 1084 9
1099 1085 5
1225 1085 9
1087 1086 5
1088 1086 1
1352 1086 2
1368 1086 8
1421 1086 1
1479 1086 6
1089 1087 2
1092 1087 4
1098 1087 6
1089 1088 7
1091 1088 5
1221 1088 8
1224 1088 9
1625 1088 5
1092 1089 10
1402 1089 6
1312 1090 1
1447 1090 7
1557 1090 3
1092 1091 1
1109 1091 8
1166 1091 2
1497 1091 10
1631 1091 9
1960 1091 7
2018 1091 9
1093 1092 2
1167 1092 3
1354 1092 3
1430 1092 2
1505 1092 5
1526 1092 1
1489 1093 6
1095 1094 8
1096 1094 4
2097 1094 3
2136 1094 1
1178 1095 6
1448 1095 3
1387 1096 6
1447 1096 3
2072 1096 7
2092 1096 7
2160 1096 8
1098 1097 3
1286 1097 1
2110 1097 4
1344 1098 2
1380 1098 1
1100 1099 8
1194 1099 9
1491 1099 1
1678 1099 9
1714 1099 10
1732 1099 5
1915 1099 1
1335 1100 1
1102 1101 4
1277 1101 9
1531 1101 3
2063 1101 6
2177 1101 6
2180 1101 7
1278 1102 5
2140 1102 3
1104 1103 6
1227 1103 1
1339 1103 3
1423 1103 8
1574 1103 9
1144 1104 1
1443 1104 4
1461 1105 9
1557 1105 9
1718 1105 4
1754 1105 4
2062 1105 2
2122 1105 4
1107 1106 4
1146 1106 2
1180 1106 7
1667 1106 3
1949 1106 7
1108 1107 4
1137 1107 9
1144 1107 2
1181 1107 10
1250 1107 2
1318 1107 3
1324 1107 5
1811 1107 6
1878 1107 4
1138 1108 7
1268 1108 2
1366 1108 2
1241 1109 5
1497 1109 3
1211 1110 1
1472 1110 8
1496 1110 6
1112 1111 8
1460 1112 3
1580 1113 1
1582 1113 5
1117 1114 9
1838 1115 3
1933 1115 10
1544 1116 9
1604 1116 8
1970 1116 4
1454 1117 5
1455 1117 5
1500 1117 6
1553 1117 10
1190 1118 2
1437 1118 4
1462 1118 4
1464 1118 2
1585 1118 10
2196 1118 7
1120 1119 6
1826 1119 2
1177 1120 1
1430 1120 10
4438 1120 7
1826 1121 4
1957 1121 6
1123 1122 8
1164 1123 5
1276 1123 10
1244 1124 10
1314 1124 1
1460 1124 4
1577 1125 6
2022 1125 6
1477 1126 1
1128 1127 2
1129 1127 6
1864 1128 10
1354 1129 6
1402 1129 9
1188 1130 5
1227 1130 5
1831 1131 10
1943 1131 2
1244 1132 3
1309 1132 8
1331 1132 6
2558 1132 9
1136 1133 5
1494 1133 1
1606 1133 8
1243 1134 8
1324 1134 4
1610 1134 2
1417 1135 10
1532 1135 7
1611 1135 4
1452 1136 5
1535 1136 1
1138 1137 1
1139 1137 8
1140 1137 7
1302 1141 2
1333 1141 9
1346 1141 1
1362 1141 7
1459 1141 1
1487 1141 5
1620 1141 2
1621 1141 8
1143 1142 3
1475 1143 4
1875 1143 3
1435 1144 5
1623 1144 10
1223 1145 2
1492 1146 3
1956 1146 7
1149 1147 5
1149 1148 10
1167 1148 10
1208 1148 1
2064 1148 5
2065 1148 2
1168 1149 9
1341 1149 10
1453 1149 7
1151 1150 6
1697 1150 7
1276 1151 8
1284 1151 3
1336 1152 9
1357 1152 1
1474 1152 4
1490 1152 7
1531 1152 6
1171 1153 9
1358 1153 4
1485 1153 8
1406 1154 7
1731 1154 6
1198 1155 8
1157 1156 10
1775 1156 5
1972 1156 2
1162 1157 8
1222 1157 4
1261 1157 4
1327 1158 3
1737 1158 4
1750 1158 6
1160 1159 1
1506 1159 4
1685 1159 9
1771 1159 7
1906 1159 10
1167 1160 9
1171 1160 4
1323 1160 8
1417 1160 10
1507 1160 8
1957 1161 8
2093 1161 1
1261 1162 6
1502 1162 4
1164 1163 2
1242 1163 6
1518 1163 2
1642 1163 9
1300 1164 8
1436 1165 2
1866 1165 3
2185 1165 2
2190 1165 5
1167 1166 10
1778 1166 10
1854 1166 10
2016 1166 2
1168 1167 5
1169 1167 1
1414 1167 4
1439 1167 2
1526 1167 5
1647 1167 2
1245 1168 7
1542 1168 1
1171 1170 9
1404 1170 5
1172 1171 6
1176 1171 5
1202 1171 9
1310 1171 5
1485 1171 8
1487 1171 6
1532 1171 1
1404 1172 5
2181 1173 3
1469 1174 3
1485 1174 1
1487 1174 2
1488 1174 5
1532 1174 4
1650 1174 9
1185 1175 3
1519 1175 4
1202 1176 5
1468 1176 6
1505 1177 8
1179 1178 2
1266 1178 2
1388 1178 7
1341 1179 2
1736 1182 6
2165 1182 2
1191 1183 1
1399 1183 9
1468 1184 5
2448 1185 3
1443 1186 4
1950 1187 10
2051 1187 4
2076 1187 6
1470 1188 9
1190 1189 3
1235 1190 4
1192 1191 1
1846 1191 3
1193 1192 8
1247 1192 2
1408 1192 10
1331 1193 10
1529 1194 8
1196 1195 6
1679 1195 1
1417 1196 3
1453 1196 7
1522 1196 8
1198 1197 4
1350 1199 7
1513 1199 10
1201 1200 10
1349 1200 1
1892 1200 5
1893 1201 7
1310 1202 10
1204 1203 7
1205 1203 10
1365 1204 2
1254 1205 5
1489 1205 4
1291 1206 4
1450 1206 9
2087 1206 5
1208 1207 2
1360 1207 8
1706 1207 6
1867 1207 4
1990 1207 3
2038 1207 9
1442 1209 7
1795 1209 4
1310 1210 5
1468 1210 2
1680 1210 3
1212 1211 4
1537 1211 3
2077 1211 4
1214 1213 7
1771 1213 2
1347 1214 8
1775 1215 5
1217 1216 4
1513 1217 5
1426 1218 7
1248 1219 9
1386 1219 1
1451 1219 7
1688 1219 7
1408 1220 5
1418 1220 10
1690 1220 5
1768 1220 8
1913 1220 7
1252 1221 8
1293 1222 2
1255 1223 9
1525 1224 6
1226 1225 2
1263 1225 10
1433 1225 3
1595 1225 10
1648 1225 3
1728 1225 10
1747 1225 6
1800 1225 8
2195 1225 2
1327 1226 3
1710 1227 7
1232 1228 4
1232 1229 7
1255 1230 10
1479 1230 10
1525 1230 1
1232 1231 2
1403 1231 5
1489 1232 7
1240 1233 7
1247 1233 5
1235 1234 3
1462 1235 7
1237 1236 1
1578 1236 9
1724 1236 9
1903 1236 9
1238 1237 6
1335 1238 1
1811 1238 6
1240 1239 3
1533 1239 10
1330 1240 2
1484 1240 1
1356 1242 1
1292 1243 8
1726 1243 10
1727 1243 10
1996 1243 6
1268 1244 10
1309 1244 3
1384 1244 6
1424 1244 4
1268 1245 6
1307 1245 10
1366 1245 3
1508 1245 7
1506 1246 10
1679 1246 5
1385 1248 1
1914 1249 5
1257 1250 1
1290 1251 1
1502 1251 5
1390 1252 4
1421 1252 9
1254 1253 5
1298 1253 4
1344 1253 8
1350 1253 9
1305 1254 3
1571 1256 2
1763 1256 1
1799 1256 2
1327 1257 5
1764 1257 10
1259 1258 7
1293 1258 6
1354 1258 9
1403 1258 3
1993 1258 8
1489 1259 10
1261 1260 6
1264 1262 4
1433 1264 1
1800 1265 2
1268 1267 3
1314 1268 5
1460 1268 2
1270 1269 9
1411 1269 4
1473 1269 10
1777 1269 10
2183 1269 3
1374 1270 3
1272 1271 8
1635 1272 3
1274 1273 9
1275 1273 4
1570 1273 6
1587 1273 10
1627 1273 9
1929 1273 1
1362 1274 1
1451 1275 4
1308 1276 1
1278 1277 7
1279 1277 7
1353 1277 1
1467 1277 5
1490 1277 8
2204 1278 6
1280 1279 3
1436 1279 3
1490 1279 6
2121 1279 6
1310 1280 7
1464 1280 5
1282 1281 8
1524 1281 3
1787 1281 1
1314 1282 9
1284 1283 9
1702 1283 7
1378 1284 8
1475 1285 2
1527 1285 6
1685 1285 4
1836 1285 4
2142 1286 5
1301 1287 9
1536 1287 6
1801 1287 5
1290 1288 5
1290 1289 8
1802 1289 2
1354 1290 5
1935 1290 7
1410 1291 8
1804 1292 6
1995 1292 3
1295 1294 1
1305 1295 5
1307 1295 9
1298 1297 4
1351 1297 6
1427 1297 4
1630 1297 4
1300 1299 6
1303 1299 3
1533 1299 6
1563 1299 6
1806 1299 7
2159 1299 7
1330 1300 9
1806 1300 8
1302 1301 4
1808 1301 9
1399 1303 5
1305 1304 10
1307 1306 7
1434 1307 7
1309 1308 1
1813 1308 3
2061 1308 3
1477 1309 10
2595 1309 9
1311 1310 5
1317 1310 4
1437 1310 1
1815 1310 10
2139 1310 5
2140 1310 1
2186 1310 8
1541 1311 7
1313 1312 1
1447 1312 9
2037 1312 2
2192 1312 1
2193 1312 6
1448 1313 9
1374 1314 5
1444 1314 6
1316 1315 5
1913 1315 1
1817 1316 2
1468 1317 6
1818 1317 9
1407 1318 6
1820 1318 1
1320 1319 2
1333 1320 10
1459 1320 9
1441 1321 8
1528 1321 1
1413 1322 9
1506 1322 4
1523 1322 8
2157 1322 9
1417 1323 3
1325 1324 7
1339 1324 10
1375 1324 3
2098 1324 4
2099 1324 9
1366 1325 8
1327 1326 4
1823 1326 5
1882 1326 9
1328 1327 3
1329 1327 9
1425 1327 1
1580 1327 9
1581 1327 9
1822 1327 1
1434 1328 3
1460 1328 2
1331 1330 2
1484 1330 2
1635 1332 1
1346 1333 8
1335 1334 4
1347 1334 6
1632 1334 9
1678 1334 9
2017 1334 4
1370 1335 8
1392 1335 8
1397 1335 3
1439 1335 9
1503 1335 2
1507 1335 3
1516 1335 4
1357 1336 2
1559 1336 7
1338 1337 8
1664 1338 5
1998 1338 4
1832 1339 1
1341 1340 10
1342 1340 7
1463 1340 8
1541 1341 3
1449 1342 5
1344 1343 8
1365 1343 2
1428 1343 2
1509 1343 6
1861 1343 5
1346 1345 2
2181 1346 5
1762 1347 4
1448 1348 10
1462 1348 10
1843 1348 8
1350 1349 9
1427 1349 6
1450 1349 7
1630 1349 9
1365 1351 3
2018 1352 5
1436 1353 7
1467 1353 9
2190 1353 6
1355 1354 9
1380 1354 3
1860 1354 1
1563 1356 10
1358 1357 6
1490 1357 2
1531 1357 6
1559 1357 2
2008 1357 9
2121 1357 3
2140 1358 9
1736 1359 2
1766 1359 2
1720 1360 5
1868 1360 10
2045 1360 7
1362 1361 1
1364 1361 10
1776 1361 1
1930 1361 6
1951 1361 9
1363 1362 8
1445 1362 4
1451 1362 9
1488 1362 3
1865 1362 7
1372 1363 2
1472 1364 2
1920 1364 6
1374 1366 4
1501 1366 9
1491 1367 8
1517 1367 5
1389 1368 7
1401 1368 6
1625 1368 1
1370 1369 8
1904 1369 7
1976 1369 10
1553 1370 9
1372 1371 3
1496 1371 1
1404 1372 9
1446 1372 8
1539 1372 8
1540 1372 9
1374 1373 6
1375 1373 7
1452 1373 6
1452 1375 1
1377 1376 10
1423 1377 5
1383 1378 8
1407 1378 1
1380 1379 5
1401 1379 8
1594 1379 4
2022 1379 8
2105 1379 7
1503 1381 6
1507 1381 3
1894 1381 7
1383 1382 7
1398 1382 1
1384 1383 10
1477 1384 10
1896 1385 2
1896 1386 1
1388 1387 9
2097 1387 3
2160 1387 3
1400 1389 4
1479 1390 9
1633 1390 10
1392 1391 3
1426 1391 4
1440 1391 8
1414 1392 7
1427 1393 2
1398 1394 9
1405 1394 8
1516 1395 6
1397 1396 7
1401 1400 2
1402 1401 4
1853 1401 2
1486 1404 9
1541 1404 6
1542 1404 8
1407 1406 4
1423 1407 8
1799 1409 8
1981 1409 6
1984 1409 4
1471 1410 9
1420 1411 6
1499 1411 2
2114 1411 10
1413 1412 5
1506 1413 6
2194 1414 5
1417 1415 5
1417 1416 1
1523 1416 6
1845 1416 7
1875 1416 3
1921 1417 2
1922 1418 7
1420 1419 3
1456 1419 3
1829 1419 4
1454 1420 10
1455 1420 1
1536 1420 6
1924 1420 2
1964 1420 10
1423 1422 3
1424 1423 4
1925 1425 2
2017 1426 7
1450 1428 1
1430 1429 2
2070 1429 4
1432 1431 5
1433 1431 9
1975 1431 9
1434 1432 3
1931 1435 8
1437 1436 9
2185 1436 3
1463 1437 10
1784 1438 6
1936 1438 4
1812 1439 5
1441 1440 7
1517 1440 6
1527 1440 1
1885 1440 1
1812 1441 3
1443 1442 9
1795 1442 5
1444 1443 10
1538 1443 1
1549 1443 6
1988 1443 5
1446 1445 7
1448 1447 4
2078 1447 2
2196 1448 3
1462 1449 3
1473 1452 4
2119 1452 1
2120 1452 8
1542 1453 10
1457 1454 7
1458 1455 4
1457 1456 10
1458 1456 1
1599 1456 8
1953 1459 7
1462 1461 2
2073 1461 5
2075 1461 4
2082 1461 9
2096 1461 8
2106 1461 2
2109 1461 1
2124 1461 5
2145 1461 6
2125 1462 5
2126 1462 1
1464 1463 1
1954 1464 3
1467 1465 7
1467 1466 3
1909 1467 7
2139 1468 7
1485 1469 4
1749 1469 5
1955 1469 9
2189 1469 9
2113 1471 7
2174 1472 8
2189 1472 10
1498 1473 1
2129 1473 4
2130 1473 5
1531 1474 8
2132 1474 3
1476 1475 6
2043 1475 8
1479 1478 9
2051 1479 4
2087 1479 10
1481 1480 7
1536 1481 3
1486 1485 2
2158 1485 6
1532 1488 4
2121 1490 9
2139 1490 3
2140 1490 3
2180 1490 1
1622 1492 3
1761 1492 6
1985 1492 3
1494 1493 2
1566 1493 4
1711 1493 4
1987 1493 6
1524 1495 8
1538 1495 6
1989 1495 6
1920 1496 3
2011 1497 6
1501 1500 8
1878 1500 7
1995 1500 8
1996 1500 9
2000 1503 4
1508 1507 2
1513 1507 4
1515 1507 7
1819 1507 5
2203 1507 10
1542 1508 5
1877 1509 3
1511 1510 5
1981 1511 10
1595 1512 8
1892 1512 8
2020 1512 10
1514 1513 10
2021 1513 2
1737 1514 1
2023 1514 9
1819 1516 5
1926 1517 3
2028 1517 9
1519 1518 3
1522 1520 9
1522 1521 10
1589 1521 3
1845 1523 5
1980 1524 9
2032 1524 7
1526 1525 3
1633 1525 7
1950 1525 6
1927 1527 1
2194 1528 10
1530 1529 8
1695 1529 8
1696 1529 9
1763 1529 3
2127 1529 4
1560 1530 6
1532 1531 3
1534 1531 2
1537 1531 6
2077 1531 5
2174 1531 5
2159 1533 1
2177 1537 2
1645 1543 2
1939 1543 3
1612 1544 5
1548 1545 9
1833 1545 10
1576 1546 7
2041 1546 2
1554 1547 9
1889 1547 4
1549 1548 3
1596 1548 5
1639 1548 7
1709 1548 8
1734 1548 6
1745 1548 7
1783 1550 10
2111 1550 6
1623 1551 3
1932 1551 10
1780 1552 1
1994 1552 5
1654 1555 4
1671 1555 8
1721 1555 6
1741 1555 4
1840 1555 2
1891 1555 8
1958 1555 4
2143 1555 9
1562 1556 1
1842 1556 2
1713 1558 8
1847 1558 8
1782 1561 9
1820 1562 8
2159 1563 5
1690 1564 6
1788 1564 6
1858 1564 2
1570 1565 9
1951 1565 1
1746 1566 7
1568 1567 6
1569 1567 10
1619 1571 5
1729 1572 9
1882 1572 2
1686 1573 9
1741 1573 2
1575 1574 3
2054 1574 8
2100 1575 8
2116 1575 9
1686 1576 8
1947 1576 2
1594 1577 9
1632 1578 1
1646 1579 2
1986 1579 1
1658 1580 6
1988 1581 4
1583 1582 8
1765 1583 4
1692 1584 2
1919 1584 6
2088 1584 2
1600 1585 8
1856 1585 8
1857 1585 10
1952 1585 2
2001 1585 4
2013 1585 4
1722 1586 3
1746 1586 2
1703 1587 6
1929 1587 7
1589 1588 4
1868 1588 3
1600 1590 4
1680 1590 2
2001 1590 10
2151 1590 6
1717 1591 8
1855 1591 10
1623 1592 8
1931 1592 1
1702 1593 5
2049 1593 5
1961 1597 4
2039 1597 1
1599 1598 7
1687 1599 6
2013 1600 7
1602 1601 5
1923 1601 8
2098 1601 6
2099 1601 3
1839 1602 4
1973 1602 3
2002 1603 1
2131 1603 4
2152 1603 8
1687 1604 6
1649 1605 7
1774 1605 3
1824 1605 5
1700 1606 9
1821 1606 5
2044 1606 10
1646 1607 2
1675 1608 2
1774 1608 9
1971 1609 5
1999 1609 5
1726 1610 5
2066 1610 9
2149 1610 8
1761 1612 4
1614 1613 4
1628 1613 6
1782 1613 8
1848 1614 10
1655 1615 2
1955 1615 3
2158 1615 4
1660 1616 5
1835 1617 3
2003 1617 3
1621 1618 10
1701 1618 10
1903 1619 1
1883 1620 1
1701 1621 6
1949 1622 2
1624 1623 2
1693 1623 3
1663 1624 10
2015 1624 7
2100 1624 6
2116 1624 6
2005 1626 7
2004 1627 5
1665 1628 4
1664 1629 5
1810 1629 4
1730 1631 7
1814 1634 5
1849 1634 2
1965 1634 2
1668 1636 1
1704 1636 1
1739 1637 8
1825 1637 5
1739 1638 4
1931 1639 8
1912 1640 6
2093 1640 3
1767 1641 5
1805 1641 9
1690 1643 6
1805 1643 6
1700 1644 4
2068 1644 4
1752 1645 8
1910 1645 9
2036 1645 7
1865 1647 9
1917 1648 6
1808 1649 3
1753 1650 5
1955 1650 5
2069 1650 10
1789 1651 10
2016 1651 7
1796 1652 6
1798 1652 1
1760 1653 7
1880 1653 4
1743 1654 9
1791 1654 7
2039 1654 8
2040 1654 5
1753 1655 7
1884 1655 9
1898 1656 2
1898 1657 9
1772 1659 2
1787 1659 9
1827 1660 8
1828 1661 10
1893 1661 1
1663 1662 7
1821 1662 4
1851 1662 3
1723 1663 8
2068 1663 1
2164 1665 7
1863 1666 8
1916 1666 10
1668 1667 5
1809 1669 8
1891 1669 8
1671 1670 8
1755 1670 1
1686 1671 4
1790 1672 6
2014 1672 3
1817 1673 2
1688 1674 4
1898 1674 9
1801 1675 3
1707 1676 8
1678 1677 6
1907 1677 7
1735 1681 9
1804 1681 8
1876 1682 9
2038 1682 9
1835 1683 1
1930 1683 9
1779 1684 7
1787 1686 7
1879 1686 2
1916 1686 9
1689 1688 9
1898 1688 5
2168 1688 10
1715 1690 5
1858 1690 4
1692 1691 5
1862 1691 8
2098 1691 2
1919 1692 8
1870 1693 6
1859 1694 9
1908 1694 3
1732 1695 5
1968 1696 5
1827 1697 3
2032 1698 6
1777 1699 10
1983 1699 9
1777 1700 2
2004 1703 7
2168 1703 7
1781 1704 3
1842 1704 1
1725 1705 5
1977 1705 5
1854 1706 5
2008 1707 3
1830 1708 9
2020 1708 1
1796 1709 2
1798 1710 9
1871 1710 10
2101 1710 5
1831 1711 1
1897 1712 9
1922 1712 4
1905 1713 1
1844 1714 3
2195 1714 10
1740 1715 3
1962 1716 5
2112 1716 9
1890 1717 3
1922 1717 9
2137 1718 7
1956 1719 7
1850 1720 1
1723 1722 2
1931 1722 5
1976 1724 3
1796 1725 4
1946 1726 8
2081 1726 4
1756 1727 5
1978 1727 8
1779 1728 6
1998 1730 7
1914 1731 3
2114 1733 7
2118 1733 1
2131 1733 2
2053 1734 10
1759 1735 9
1803 1735 5
2052 1735 3
1739 1738 5
1786 1740 10
1744 1742 6
1794 1742 8
2026 1742 7
1744 1743 3
2163 1743 5
1871 1745 7
1749 1748 8
1905 1748 6
2009 1748 1
2184 1748 9
1823 1750 3
1886 1750 3
2158 1753 6
1866 1754 2
1791 1755 7
1834 1755 4
1757 1756 5
2081 1756 1
2088 1757 5
1848 1758 5
1883 1758 3
1910 1758 7
1783 1759 4
1783 1760 10
1899 1761 9
2089 1761 2
2000 1762 3
1881 1764 8
2043 1766 6
1768 1767 4
1841 1769 5
1834 1770 5
2033 1770 4
1900 1772 6
1879 1773 5
2053 1773 10
1951 1776 5
1870 1777 8
1887 1777 4
1963 1777 6
1850 1778 5
1849 1780 7
1948 1781 3
2012 1783 10
1901 1784 7
1911 1786 7
1908 1787 4
2042 1787 4
1897 1788 2
1960 1789 6
1817 1790 4
1794 1792 2
1794 1793 3
2026 1794 2
1797 1795 10
1797 1796 4
1977 1796 9
1808 1801 6
1997 1802 1
2002 1803 8
1848 1807 2
2164 1808 5
1840 1809 9
1852 1813 8
2012 1814 2
1921 1815 1
2024 1816 7
2032 1816 5
2150 1818 2
2151 1818 4
2044 1821 4
1924 1822 3
1965 1824 3
1915 1825 5
2021 1828 6
2047 1828 1
2007 1829 1
2035 1830 1
1839 1832 5
2156 1832 4
1931 1833 6
1953 1837 7
2050 1838 1
2100 1839 9
1841 1840 4
2071 1843 6
2080 1843 7
2123 1843 5
1982 1844 2
2157 1845 4
1884 1847 6
2119 1851 9
2120 1851 2
1890 1855 5
1952 1856 1
2001 1856 1
1952 1857 8
2024 1859 9
1993 1860 4
2099 1862 5
2040 1863 1
1934 1864 9
1918 1869 6
2000 1869 7
2107 1870 6
1873 1872 7
1874 1872 3
2068 1872 7
2130 1873 7
2129 1874 1
2142 1877 1
1994 1880 5
1955 1884 4
1925 1886 6
2048 1886 3
2146 1888 1
2158 1888 6
1918 1894 2
2031 1894 6
1896 1895 2
1937 1895 5
1951 1898 9
2089 1899 8
1959 1900 2
1961 1900 5
1902 1901 6
1991 1904 5
1942 1907 1
2063 1909 7
1979 1911 3
2000 1918 3
2120 1923 10
2152 1923 6
1941 1927 5
1978 1928 6
2081 1928 10
2004 1929 4
2178 1929 10
1939 1930 6
2197 1931 5
1945 1933 8
1935 1934 10
1936 1934 10
1945 1934 9
2117 1934 7
1938 1937 9
1941 1940 9
2028 1941 7
2000 1944 10
2031 1944 9
2090 1946 2
2099 1946 6
2115 1946 8
2149 1946 6
2034 1947 2
2013 1952 10
2057 1954 3
2138 1954 3
2141 1954 2
2144 1954 3
2187 1954 9
2188 1954 1
2039 1959 3
2030 1962 7
2118 1962 8
1964 1963 8
1965 1963 2
2030 1963 9
1967 1966 10
2020 1966 7
2035 1966 3
1984 1969 4
2127 1969 10
1971 1970 1
1992 1972 8
2134 1973 1
2010 1974 5
2011 1974 8
2052 1978 4
1980 1979 10
2176 1979 9
1987 1983 3
2079 1986 3
2162 1986 8
2027 1991 1
1995 1994 5
1996 1994 7
2050 1997 6
2027 2000 5
2115 2002 2
2076 2005 1
2011 2006 1
2128 2015 4
2019 2018 7
2021 2020 9
2047 2021 8
2048 2021 5
2026 2025 6
2061 2029 3
2176 2032 2
2034 2033 5
2042 2033 10
2079 2039 6
2041 2040 7
2046 2045 7
2048 2047 1
2197 2054 7
2090 2055 7
2120 2055 1
2152 2055 8
2082 2056 3
2108 2056 7
2085 2057 7
2060 2058 6
2061 2058 8
2107 2059 2
2108 2062 5
2125 2064 1
2126 2065 8
2098 2066 9
2141 2067 2
2187 2067 2
2188 2067 1
2102 2071 10
2166 2072 4
2167 2072 6
2074 2073 2
2102 2074 8
2109 2074 6
2102 2075 9
2192 2078 3
2096 2080 8
2084 2083 5
2086 2083 7
2138 2083 5
2085 2084 5
2095 2084 8
2086 2085 8
2144 2086 8
2130 2090 10
2135 2091 1
2145 2091 10
2191 2092 10
2143 2094 10
2108 2095 5
2136 2097 8
2191 2097 9
2123 2102 3
2128 2103 6
2147 2103 5
2156 2103 7
2146 2104 1
2158 2104 8
2110 2105 6
2108 2106 9
2155 2107 7
2114 2111 6
2164 2112 4
2165 2113 3
2152 2115 7
2152 2119 7
2138 2122 2
2135 2124 7
2154 2129 7
2154 2131 9
2146 2132 3
2146 2133 8
2147 2134 9
2155 2134 7
2157 2137 7
2141 2138 5
2148 2147 10
2151 2150 8
2163 2153 2
2170 2160 10
2171 2160 2
2162 2161 3
2163 2161 5
2191 2169 10
2193 2172 4
2193 2173 10
2176 2175 5
2179 2178 1
2184 2179 1
2182 2181 4
2198 2183 1
2199 2186 6
2193 2192 3
2201 2200 3
2205 2200 6
2202 2201 7
2204 2202 8
2205 2203 1
2211 2206 3
2212 2206 10
2383 2207 1
2214 2208 9
2245 2209 7
2391 2209 7
2413 2210 10
4744 2210 9
2213 2211 8
2213 2212 5
2214 2213 9
2283 2213 2
2397 2215 7
4898 2215 10
2358 2216 8
2412 2216 4
2371 2217 6
2388 2217 1
2289 2218 10
2346 2218 7
2347 2219 4
2348 2219 2
2245 2220 2
2333 2220 5
2374 2220 6
2398 2220 8
2230 2221 1
2223 2222 9
2224 2222 1
2233 2222 5
2262 2222 6
2296 2222 9
2377 2222 3
2403 2222 5
2404 2222 6
2406 2222 2
2224 2223 3
2225 2223 7
2230 2223 4
2322 2223 3
2419 2223 2
2230 2224 3
2236 2224 4
2384 2224 3
2322 2225 7
2351 2225 5
2315 2226 9
2405 2226 3
2229 2227 3
2231 2228 9
2360 2228 1
2235 2229 2
2264 2231 8
2318 2232 5
2348 2232 7
2358 2232 5
2406 2233 4
2306 2234 10
2362 2234 5
2410 2234 10
2361 2235 6
2263 2236 5
2299 2236 3
2310 2236 6
2313 2236 3
2329 2236 9
2370 2236 9
2384 2236 8
2239 2237 9
2239 2238 9
2292 2239 1
2369 2239 6
2397 2239 10
2286 2240 10
2314 2240 8
2326 2241 7
2367 2241 10
2243 2242 8
4508 2242 10
4632 2242 3
2250 2243 2
2311 2243 5
2356 2243 9
2326 2244 2
2336 2244 6
2333 2245 4
2316 2246 4
2422 2246 2
2309 2247 9
2389 2247 6
2421 2247 1
2257 2248 8
2387 2248 3
2250 2249 10
2251 2249 2
4536 2249 4
4537 2249 1
2252 2250 3
2253 2250 5
2254 2250 1
2371 2250 10
2413 2250 7
4574 2250 10
4653 2250 9
2312 2254 3
2282 2255 7
2380 2255 6
2293 2256 10
2328 2256 1
2304 2257 5
2283 2258 8
2408 2258 10
2263 2259 6
2263 2260 8
2263 2261 10
2299 2263 3
2365 2263 8
2307 2264 5
2358 2264 6
2283 2265 2
2287 2265 1
2307 2266 3
4855 2266 6
2273 2267 9
2415 2267 5
2269 2268 1
2270 2268 7
2271 2268 7
2334 2268 6
2382 2268 4
2272 2269 4
2383 2269 7
2417 2269 2
2335 2273 2
2276 2274 9
2276 2275 7
2373 2275 3
2408 2275 2
2278 2277 8
2291 2277 5
2390 2277 9
2321 2279 7
2372 2279 7
2362 2280 4
2415 2280 9
2285 2281 3
2283 2282 6
2337 2282 9
2284 2283 3
2285 2283 1
2303 2283 2
2305 2283 6
2373 2283 2
2376 2283 2
2285 2284 1
2287 2286 1
2332 2286 10
2393 2286 2
2335 2288 2
2388 2288 9
2317 2289 5
2342 2290 9
2383 2290 2
2293 2291 9
2369 2291 10
2378 2291 1
2316 2292 1
2349 2294 7
2368 2294 5
2333 2295 3
2383 2295 10
2406 2296 7
2299 2297 8
2299 2298 9
2344 2299 1
2370 2299 7
2301 2300 9
2408 2300 4
2408 2301 3
2373 2302 1
2355 2303 8
2349 2304 6
2409 2304 8
2355 2305 8
2311 2306 1
2331 2308 1
2389 2309 4
2416 2309 4
2384 2310 2
2389 2310 3
2347 2312 7
2365 2313 2
4838 2313 1
2322 2315 10
2360 2315 1
2318 2317 2
2371 2318 9
2328 2319 4
2333 2319 10
2322 2320 10
2367 2320 5
2322 2321 9
2323 2322 10
2324 2322 8
2325 2322 6
2394 2322 3
2359 2326 7
2407 2326 3
2330 2327 6
2329 2328 7
2330 2328 7
2353 2328 5
2381 2328 8
2421 2328 5
2330 2329 10
2384 2329 7
2406 2331 8
2393 2332 1
2374 2333 6
2390 2333 8
2382 2334 7
2350 2336 8
2372 2336 9
2339 2337 5
2368 2337 8
2375 2337 8
2358 2338 10
2405 2338 1
2389 2340 2
2420 2340 3
2364 2341 9
2402 2341 5
2383 2342 10
2364 2343 8
4036 2343 10
2345 2344 3
2347 2346 4
2351 2350 3
2407 2350 10
2365 2352 6
2389 2353 5
2383 2354 6
2389 2354 4
2373 2355 7
2388 2356 1
2412 2356 5
4635 2356 2
2377 2357 3
2403 2357 10
2372 2359 6
2363 2361 6
2364 2363 2
2365 2364 7
2366 2364 1
4860 2366 5
2370 2369 8
2378 2369 10
2390 2369 9
2398 2374 8
2376 2375 6
2379 2375 6
2404 2377 3
2380 2379 4
2387 2379 8
2389 2381 2
2383 2382 6
2384 2383 10
2385 2383 2
2386 2383 10
2396 2383 5
2399 2383 2
2420 2383 8
2419 2385 10
2419 2386 2
2409 2387 8
4661 2388 3
2396 2391 5
2395 2392 1
2394 2393 7
2395 2393 6
2406 2393 6
2395 2394 2
4850 2397 2
2399 2398 9
2400 2398 10
2401 2398 3
2411 2410 6
4553 2410 1
4633 2410 2
4650 2410 4
4750 2410 7
4754 2410 4
2415 2414 2
4696 2415 5
2417 2416 9
2423 2422 8
4492 2424 5
4564 2424 3
2426 2425 6
2460 2426 10
2520 2426 5
2486 2427 4
2656 2427 6
2730 2428 10
2731 2428 7
2490 2429 2
2587 2429 3
2657 2429 2
2546 2430 9
2618 2430 2
2596 2431 2
2433 2432 3
2817 2432 4
2591 2433 8
2579 2434 9
2662 2434 1
2437 2435 6
2472 2435 1
2525 2435 6
2589 2435 7
2620 2435 7
2624 2435 3
2625 2435 1
2663 2435 8
2669 2435 7
2699 2435 8
2702 2435 6
2703 2435 5
2491 2436 4
2639 2436 6
2671 2436 3
2587 2437 5
2673 2437 8
2440 2438 8
2440 2439 8
2450 2440 10
2530 2440 2
2597 2440 6
2632 2440 3
2634 2440 2
2640 2440 3
2683 2440 1
2684 2440 7
2886 2440 2
2992 2440 1
4130 2441 4
4149 2441 5
4459 2441 2
2444 2442 8
2444 2443 7
2522 2444 8
2617 2444 4
2628 2444 9
2682 2445 2
2686 2445 7
2708 2445 2
2957 2445 9
3095 2445 6
2605 2446 4
2686 2446 3
2709 2446 5
2503 2447 7
2560 2447 10
3207 2447 1
2458 2448 7
2794 2448 8
2815 2448 9
2968 2448 4
2546 2449 9
2598 2449 8
2688 2450 10
3190 2450 9
2452 2451 3
2577 2451 7
2718 2451 6
2720 2451 10
3044 2451 1
2552 2453 4
2562 2453 5
2695 2453 4
2455 2454 7
2561 2455 1
2587 2455 10
2698 2455 4
2710 2456 1
2839 2456 4
3106 2456 7
3229 2456 9
2459 2457 3
2618 2457 4
2710 2457 10
2459 2458 9
2794 2458 6
2931 2458 1
3005 2458 9
3012 2458 7
2460 2459 9
2488 2459 1
2526 2459 10
2594 2459 1
2618 2459 4
2678 2459 2
2704 2459 1
2559 2460 7
2592 2460 9
2594 2460 6
2600 2460 5
2462 2461 6
2587 2462 2
2591 2462 8
2464 2463 4
2655 2464 6
2992 2464 6
2487 2465 1
2544 2465 2
2713 2465 8
2714 2465 7
2717 2466 10
2718 2466 6
2940 2466 7
3245 2466 7
3280 2466 10
2718 2467 8
2718 2468 8
2528 2469 5
2562 2469 6
2719 2469 4
2597 2470 8
2640 2470 9
2724 2470 8
2472 2471 2
2967 2472 2
2494 2473 1
2589 2473 8
3217 2473 2
2477 2474 3
2478 2474 2
2646 2474 7
2476 2475 10
2477 2475 2
2478 2475 10
2484 2475 1
2553 2475 8
2560 2475 10
2643 2475 9
2504 2476 7
2520 2476 9
2559 2476 9
2592 2476 7
3218 2477 6
3219 2478 8
2811 2479 8
2865 2479 10
2481 2480 1
2482 2480 4
2556 2480 1
2483 2481 1
2592 2481 3
2560 2484 3
3220 2484 3
2506 2485 8
2737 2485 1
3091 2485 10
3092 2485 8
2497 2486 3
2549 2486 4
2562 2486 9
2742 2486 2
2744 2486 6
2765 2486 9
2959 2486 8
2529 2487 7
2544 2487 8
2744 2487 6
2618 2488 9
2633 2488 9
2490 2489 1
2577 2489 9
2990 2489 10
3215 2489 4
3253 2489 4
2522 2490 4
2584 2490 2
2587 2490 3
3061 2490 1
3116 2490 5
2496 2491 3
2499 2491 9
2731 2491 6
2949 2491 7
3018 2491 3
2760 2492 2
2494 2493 10
2644 2493 9
2647 2493 1
2589 2494 5
2628 2494 2
3015 2494 8
3017 2494 4
3225 2494 1
3226 2494 1
2562 2495 7
2761 2495 7
3018 2495 1
2762 2496 9
2763 2496 8
2764 2496 4
2767 2497 4
3018 2497 6
2596 2498 3
2768 2498 6
2770 2498 8
3173 2498 9
2514 2499 10
2730 2499 5
2770 2499 5
2539 2500 4
2545 2500 4
3079 2500 6
2531 2501 5
2580 2501 10
2776 2501 2
2777 2501 1
3114 2501 9
3272 2501 5
2503 2502 5
2644 2502 5
2646 2502 8
2504 2503 3
2553 2503 4
3017 2503 1
3227 2503 1
3228 2503 1
2612 2504 1
2605 2505 4
2610 2505 7
2783 2505 6
2523 2506 9
2784 2506 10
2786 2506 3
3050 2506 3
2623 2507 9
2778 2507 9
2803 2507 2
2509 2508 4
2520 2509 8
2614 2509 2
2511 2510 9
2512 2510 5
2617 2510 6
2628 2510 1
3230 2513 4
2796 2514 5
3018 2514 8
2516 2515 8
2596 2515 1
2596 2516 9
2811 2516 2
3037 2516 2
3232 2516 2
2518 2517 7
2519 2517 9
2520 2517 10
2559 2520 1
2600 2520 5
2603 2520 8
2534 2521 1
2596 2521 9
3006 2521 5
2560 2522 1
2642 2522 2
3234 2522 4
2602 2523 10
2615 2523 5
2618 2523 8
2807 2523 9
2808 2523 7
3046 2523 9
3048 2523 6
2612 2524 2
2587 2525 6
2814 2525 4
2618 2526 9
3235 2527 8
2562 2528 9
2601 2528 6
2790 2528 9
2805 2528 5
2816 2528 7
2544 2529 6
2550 2529 2
2607 2529 4
2613 2529 10
2805 2529 4
2555 2530 3
2875 2530 7
2918 2530 9
3187 2530 7
2532 2531 5
2580 2531 8
2793 2531 1
2917 2531 7
2919 2531 6
3114 2531 4
3182 2531 6
2637 2532 5
2726 2532 1
2727 2532 8
2558 2533 1
2613 2533 5
2535 2534 2
2543 2534 5
2596 2534 4
2766 2534 3
2822 2534 6
2824 2534 10
3006 2534 3
3113 2534 3
3180 2534 8
2565 2535 5
2660 2535 3
2822 2535 10
2824 2535 2
3018 2535 2
2537 2536 6
2630 2537 3
2702 2537 9
2549 2538 5
2842 2538 3
3056 2538 8
2540 2539 9
2545 2539 9
2551 2539 3
2552 2539 10
2555 2539 3
2921 2539 1
3124 2539 3
3125 2539 6
2550 2540 10
2607 2540 1
2829 2541 6
2584 2542 3
2829 2542 4
2729 2543 1
2766 2543 5
2835 2543 2
2836 2543 7
2837 2543 1
2953 2543 3
2998 2543 7
3069 2543 5
3113 2543 1
3175 2543 3
3208 2543 9
2833 2544 9
4220 2544 7
2792 2545 1
2844 2545 4
2845 2545 4
2921 2545 9
2924 2545 7
2555 2546 9
2593 2546 8
2638 2546 10
2859 2546 9
2861 2546 7
2863 2546 4
3155 2546 2
2549 2547 3
2549 2548 10
2848 2549 8
2849 2549 8
2959 2549 3
3056 2549 10
2552 2550 1
2856 2550 7
2857 2550 6
2552 2551 10
2562 2551 5
2850 2551 6
2851 2551 4
2854 2551 6
2855 2551 4
2853 2552 1
3293 2553 7
2722 2554 5
2802 2554 9
2810 2554 5
2844 2554 4
2846 2554 2
2871 2554 10
2872 2554 6
2873 2554 8
2875 2554 9
2909 2554 1
2923 2554 1
2972 2554 5
2996 2554 6
3000 2554 2
3097 2554 9
3129 2554 5
3142 2554 1
3150 2554 3
3285 2554 4
2576 2555 3
2597 2555 3
2609 2555 5
2871 2555 3
2872 2555 2
2873 2555 2
3188 2555 3
2622 2557 7
4100 2557 9
4318 2557 9
2559 2558 2
2628 2560 4
3243 2560 1
3244 2560 9
2605 2561 4
2883 2561 4
2827 2562 3
2884 2562 6
2901 2562 8
4130 2563 4
4446 2563 1
4449 2563 8
4462 2563 3
2621 2564 9
2791 2564 2
3147 2564 3
3148 2564 1
2659 2565 4
2893 2565 2
2678 2566 1
2818 2566 1
2895 2566 2
2942 2566 6
2568 2567 3
2594 2568 9
2942 2568 5
2896 2569 9
2594 2570 5
2667 2570 8
2896 2570 6
2897 2571 2
2899 2572 8
2594 2573 7
2899 2573 10
2900 2573 4
2900 2574 3
2576 2575 1
2693 2575 7
2813 2575 6
2907 2575 9
2937 2575 9
2973 2575 10
3098 2575 9
3282 2575 5
2582 2576 7
2593 2576 9
2598 2576 9
2602 2576 1
2734 2576 9
2795 2576 3
2905 2576 10
2906 2576 3
2908 2576 2
2965 2576 8
3155 2576 4
2990 2577 1
3044 2577 2
3206 2577 7
3278 2577 3
2589 2578 7
2642 2578 5
3015 2578 7
3248 2578 2
3249 2578 4
2587 2579 5
2903 2579 7
2581 2580 5
3114 2580 7
2584 2583 5
2597 2585 4
2609 2585 2
2909 2585 8
2587 2586 2
2675 2586 8
2711 2586 2
2718 2586 4
2721 2586 10
2723 2586 7
2881 2586 6
2890 2586 4
2912 2586 5
3096 2586 4
3159 2586 7
3200 2586 6
3216 2586 10
2605 2587 9
2912 2587 6
2589 2588 7
3252 2590 7
2913 2591 10
2705 2594 6
2910 2594 3
2606 2595 6
2910 2595 1
3006 2596 6
3158 2596 8
3180 2596 8
2919 2597 10
2928 2597 2
2929 2597 10
2935 2597 9
2918 2598 2
2600 2599 6
2934 2601 6
2937 2602 8
2965 2602 1
3050 2602 4
2609 2604 9
2944 2604 2
3116 2604 1
2610 2605 2
2954 2605 6
2956 2605 5
2957 2605 10
2607 2606 3
2619 2606 5
2954 2606 8
2608 2607 5
2613 2607 4
2619 2607 3
2961 2607 7
2609 2608 10
2612 2608 1
2655 2608 1
2734 2608 1
2795 2608 3
2960 2608 4
3189 2608 9
2624 2609 4
2625 2609 1
2652 2609 7
2791 2609 10
2961 2609 8
3061 2609 10
2964 2610 6
2641 2611 5
2613 2612 5
3289 2612 3
3290 2612 1
2618 2615 5
2971 2615 3
2617 2616 2
3267 2617 3
2638 2618 9
2886 2618 10
2887 2618 7
2974 2618 1
2975 2618 7
2975 2619 10
2967 2620 5
2977 2620 7
2790 2621 5
2979 2621 10
4173 2622 3
4266 2622 3
4318 2622 4
2639 2623 5
2703 2623 2
2994 2623 3
2980 2624 3
2981 2625 5
2628 2626 9
2628 2627 2
2983 2629 2
2991 2629 5
2949 2630 7
2987 2630 6
2988 2630 6
3273 2631 10
2635 2632 4
3284 2632 9
3205 2633 6
3188 2634 4
2639 2636 4
2935 2637 4
2966 2641 2
2967 2641 2
3209 2642 4
2645 2644 3
3213 2644 7
2649 2645 4
3237 2645 1
3238 2645 8
2648 2646 1
2649 2646 4
3240 2646 6
3241 2646 6
2649 2647 1
3255 2647 9
2650 2648 1
3256 2648 7
3257 2648 6
3258 2648 6
3259 2648 1
3260 2648 6
3261 2648 1
2650 2649 3
3262 2649 2
3274 2650 6
3275 2650 9
3289 2651 3
3290 2651 6
3115 2652 8
2761 2653 7
2796 2653 6
3041 2654 7
3189 2654 6
3020 2655 7
2741 2656 5
2767 2656 8
2826 2656 7
3177 2656 9
3179 2656 10
2670 2657 6
3156 2657 7
2694 2658 9
2909 2658 1
2917 2658 7
2919 2658 9
3078 2658 10
2668 2659 2
2760 2660 4
3025 2661 2
3202 2661 4
2669 2663 3
2685 2663 4
2706 2663 5
2814 2663 5
2820 2663 4
2838 2663 6
2945 2663 3
2960 2663 6
2970 2663 1
3105 2663 10
3201 2663 1
2669 2664 9
2800 2665 7
2800 2666 5
2789 2667 8
2796 2671 2
3006 2671 2
3009 2671 10
3222 2671 2
2781 2672 6
2797 2672 5
3002 2672 8
3005 2672 5
3027 2672 6
3144 2672 9
2674 2673 4
2675 2673 5
2711 2675 1
2891 2675 2
3216 2675 4
2915 2676 8
2678 2677 2
2715 2679 2
2943 2679 6
2681 2680 1
2985 2681 6
2814 2685 5
2687 2686 2
2779 2687 2
3004 2687 7
2759 2688 9
2847 2688 6
2937 2688 1
3051 2688 3
3099 2688 8
3100 2688 1
3091 2689 10
3092 2690 1
2692 2691 9
2838 2692 7
2892 2692 5
2943 2692 9
2937 2693 2
2973 2693 4
3146 2693 6
3181 2693 1
3263 2693 10
2909 2694 10
3078 2694 3
3172 2694 8
3287 2694 8
2922 2695 6
3022 2695 2
3023 2695 2
3030 2695 6
2980 2696 6
2704 2697 6
2788 2697 10
2882 2698 6
3094 2698 10
3134 2698 4
3135 2698 7
3191 2698 3
3271 2698 2
2700 2699 9
2710 2701 5
3269 2701 8
3068 2703 8
2746 2704 5
2788 2704 2
3013 2704 1
2897 2705 8
3104 2705 1
2811 2707 9
2841 2707 2
3200 2711 8
3216 2711 5
2958 2712 9
3211 2712 5
3221 2712 3
3264 2712 3
2943 2715 3
2812 2716 2
2972 2716 7
2979 2716 10
3058 2716 5
3245 2717 7
3280 2717 1
2720 2718 3
2721 2718 3
3159 2718 7
4023 2718 8
4024 2718 6
2724 2722 6
2758 2723 8
2881 2723 7
2890 2723 3
2974 2723 8
2847 2724 1
2756 2725 5
2757 2725 8
2780 2725 6
2839 2725 4
2840 2725 3
2858 2725 3
3106 2725 4
2727 2726 1
3062 2726 5
3062 2727 10
2782 2728 2
3010 2728 6
3288 2728 6
2953 2729 3
3063 2729 9
3208 2729 3
3266 2729 4
2732 2730 1
2733 2731 5
3065 2734 7
2739 2735 1
2828 2736 1
2738 2737 8
2739 2737 3
2807 2737 5
3011 2737 5
2739 2738 3
2780 2738 1
3194 2738 7
2741 2740 5
2742 2740 8
2761 2741 10
2767 2741 9
2884 2741 10
2933 2741 10
3042 2741 7
3043 2741 5
2743 2742 4
2745 2744 4
3013 2746 3
3082 2747 2
3083 2748 3
3084 2749 3
3085 2750 9
3086 2751 5
3087 2752 10
3088 2753 2
3089 2754 9
3090 2755 2
2858 2757 8
2890 2758 8
3100 2759 2
2796 2761 10
2841 2761 1
2879 2761 1
2884 2761 3
3042 2761 5
2766 2765 6
3018 2765 4
3113 2766 4
3101 2767 3
2769 2768 9
2771 2770 9
2773 2772 5
2781 2772 6
2782 2772 1
3003 2774 6
2982 2775 9
3004 2775 7
2843 2779 2
2839 2780 7
2840 2780 9
2858 2780 4
2782 2781 6
3005 2781 6
3012 2781 3
2968 2782 3
2969 2782 1
3002 2782 8
3010 2782 2
2785 2784 10
2786 2784 8
3077 2784 7
2786 2785 6
2788 2787 3
2978 2788 6
3268 2788 6
2793 2792 1
2924 2792 4
2917 2793 10
3287 2793 4
3013 2794 5
3109 2795 10
2840 2797 1
3027 2797 6
3111 2797 5
3153 2797 6
2799 2798 9
2801 2798 5
3176 2798 6
2801 2799 9
2821 2799 1
2998 2799 7
3151 2799 9
3212 2799 6
3223 2799 7
3254 2799 2
2801 2800 7
2947 2800 1
2948 2800 10
2821 2801 4
2998 2801 4
3151 2801 8
3152 2801 5
3212 2801 9
3223 2801 4
3254 2801 3
2923 2802 2
2996 2802 2
3285 2802 8
2983 2804 9
2806 2805 5
3011 2807 9
3239 2807 5
3169 2808 5
2843 2809 7
2844 2810 9
2841 2811 2
2865 2811 10
2987 2811 9
3037 2811 9
2972 2812 3
2904 2814 7
2977 2814 8
3080 2814 3
3117 2814 1
2968 2815 8
2978 2815 8
2984 2815 6
3013 2815 9
2879 2816 9
3107 2816 3
3143 2816 8
3199 2816 8
2819 2818 8
2838 2820 4
2867 2820 2
2945 2820 2
2960 2820 4
3132 2820 2
3201 2820 7
2826 2821 2
2866 2821 9
2953 2821 5
2823 2822 4
2825 2824 1
2866 2826 10
2953 2826 4
3178 2826 3
3179 2826 1
3018 2827 4
2829 2828 5
2835 2830 4
2836 2831 10
2837 2832 10
2834 2833 9
2945 2838 3
2970 2838 3
3105 2838 4
3132 2838 7
2840 2839 9
2858 2839 4
3229 2839 7
3153 2840 6
3251 2840 6
2879 2841 5
2884 2841 7
3026 2841 5
2933 2842 6
2936 2842 6
2941 2843 6
2982 2843 1
3196 2843 3
2909 2844 4
3097 2844 8
2972 2846 4
2859 2847 8
2861 2847 6
2863 2847 3
2937 2847 4
3019 2847 2
3174 2847 9
3214 2847 1
2933 2848 2
2852 2850 2
2852 2851 10
2853 2852 6
2915 2852 4
2938 2852 5
3039 2852 2
3127 2852 1
3131 2852 1
3157 2852 10
3277 2852 5
3127 2853 5
3131 2853 6
3157 2853 9
3276 2853 10
3277 2853 3
3279 2853 10
3081 2858 4
2860 2859 8
2862 2861 9
2864 2863 5
3029 2865 10
3121 2865 7
3123 2865 1
2953 2866 4
2960 2867 5
2977 2868 6
3136 2869 7
3137 2870 9
2877 2871 1
2878 2872 2
2874 2873 3
2876 2875 10
2918 2875 4
3187 2875 2
2884 2879 1
2987 2879 9
3154 2879 6
3199 2879 7
2882 2880 5
3112 2880 8
3118 2880 3
2883 2881 1
2890 2881 8
2999 2881 5
3096 2881 2
3198 2881 3
3231 2881 4
2883 2882 5
3112 2882 4
3118 2882 7
3191 2882 4
2901 2884 6
2987 2884 10
3042 2884 8
3154 2884 6
3059 2885 3
3147 2885 4
3148 2885 2
2888 2886 3
2889 2887 5
3190 2887 5
2943 2892 8
2895 2894 5
2997 2894 10
3001 2894 8
3246 2894 7
2898 2897 8
3024 2898 5
2902 2901 7
2977 2904 9
2919 2909 9
3097 2909 4
2911 2910 8
2924 2914 6
3039 2915 10
3157 2915 9
3277 2915 10
3281 2915 3
2966 2916 9
3139 2916 9
2919 2917 7
2927 2917 7
3187 2918 10
2927 2919 5
2928 2919 9
2929 2919 3
3182 2919 4
3168 2920 8
3052 2923 5
2926 2925 3
2938 2925 10
2939 2925 6
2930 2927 6
3164 2928 7
3165 2929 5
3048 2932 3
2936 2933 9
3021 2933 7
3042 2933 6
3043 2933 4
3175 2933 8
2973 2937 4
3034 2937 7
3035 2937 8
3174 2937 6
3242 2937 7
2939 2938 4
3157 2938 4
2995 2939 1
3141 2939 1
3170 2940 1
3224 2940 1
4025 2940 3
3171 2942 2
2981 2944 2
2946 2945 7
3132 2945 8
3201 2945 9
2951 2950 10
2998 2952 10
3036 2953 4
3266 2953 7
2955 2954 9
2957 2956 4
2958 2956 5
3095 2957 10
3264 2958 3
3064 2960 10
3110 2960 5
3122 2960 7
3149 2960 9
3162 2960 7
2962 2961 3
2964 2963 9
3067 2965 5
2969 2968 5
3012 2968 3
3105 2970 6
3133 2971 3
2979 2972 7
3053 2974 4
2976 2975 4
2984 2978 10
3204 2978 6
3268 2978 6
3192 2979 1
3193 2979 9
3055 2980 5
3004 2982 10
3233 2984 9
3236 2984 1
2986 2985 5
2991 2985 3
3108 2987 5
3154 2987 9
3123 2988 6
2991 2989 9
3197 2992 9
3198 2993 3
3119 2994 1
3120 2994 7
3246 2997 3
3212 2998 8
3198 2999 9
3231 2999 5
3003 3002 10
3144 3002 2
3126 3005 3
3009 3006 5
3057 3006 1
3158 3006 7
3222 3006 9
3008 3007 4
3248 3008 7
3210 3009 5
3222 3009 5
3270 3009 7
3166 3010 2
3265 3010 9
3239 3011 8
3015 3014 5
3017 3016 5
3174 3019 6
3214 3019 3
3175 3021 6
3072 3025 5
3049 3028 3
3050 3028 4
3123 3029 1
3129 3031 5
3130 3031 1
3285 3031 9
3102 3032 8
3103 3033 2
3035 3034 6
3042 3038 8
3277 3039 9
3106 3040 1
3043 3042 7
3046 3045 7
3076 3045 4
3138 3045 9
3048 3047 1
3074 3047 3
3136 3047 6
3099 3051 8
3198 3054 3
3129 3060 6
3130 3060 9
3110 3064 9
3149 3064 8
3160 3066 4
3187 3066 3
3203 3066 3
3071 3070 4
3085 3070 3
3168 3070 3
3074 3071 7
3090 3071 2
3087 3072 4
3138 3072 8
3202 3072 3
3074 3073 1
3082 3073 6
3167 3073 9
3076 3075 7
3084 3075 5
3086 3075 4
3089 3076 10
3117 3080 5
3102 3083 3
3103 3088 1
3102 3091 3
3103 3092 7
3128 3093 3
3129 3093 7
3282 3098 2
3149 3110 10
3118 3112 5
3145 3118 8
3247 3118 8
3120 3119 1
3162 3122 5
3250 3123 1
3129 3124 1
3129 3125 5
3131 3127 9
3129 3128 4
3130 3128 10
3130 3129 10
3150 3129 2
3285 3129 8
3285 3130 8
3135 3134 9
3271 3134 2
3271 3135 1
3138 3137 6
3157 3140 5
3285 3142 8
3247 3145 5
3181 3146 2
3251 3153 5
3187 3160 2
3203 3160 8
3175 3161 7
3198 3163 4
3287 3172 2
3214 3174 9
3195 3175 4
3190 3183 4
3189 3184 7
3188 3185 8
3187 3186 7
3203 3187 9
3284 3189 5
3231 3198 1
3278 3206 10
3270 3210 6
3253 3215 5
3219 3218 2
3273 3220 3
3267 3230 4
3236 3233 2
3252 3235 6
3267 3235 6
3280 3245 7
3267 3252 2
3277 3276 7
3283 3282 7
3287 3286 7
3291 3289 2
3292 3290 3
3412 3294 9
3489 3294 3
3594 3294 9
3296 3295 9
3335 3295 10
3389 3295 7
3553 3295 2
3315 3296 1
4862 3296 10
3298 3297 6
3326 3297 9
3434 3297 6
3507 3297 10
3569 3297 3
3311 3298 6
3327 3298 8
3334 3298 1
3300 3299 6
3539 3299 7
3315 3300 7
3330 3300 10
3441 3300 4
3442 3300 10
3559 3300 10
3447 3301 10
3447 3302 4
3623 3302 4
3709 3302 1
3451 3303 5
3632 3303 3
3673 3303 1
3469 3304 10
3469 3305 6
3469 3306 7
3468 3307 2
3345 3308 5
3421 3308 7
3470 3308 3
3471 3308 4
3541 3308 10
3628 3308 10
3653 3308 1
3475 3309 9
3581 3309 8
3597 3309 7
3655 3309 7
3693 3309 8
3311 3310 7
3465 3310 6
3466 3310 1
3646 3310 4
3334 3311 7
3358 3311 2
3461 3311 8
3478 3311 8
3479 3311 9
3485 3311 6
3313 3312 9
3456 3312 3
3322 3313 3
3334 3313 1
3337 3313 5
3352 3313 10
3360 3313 10
3485 3313 1
3594 3313 8
3633 3313 7
3698 3313 2
3315 3314 2
3694 3314 10
3436 3315 3
3356 3316 6
3611 3316 8
3626 3316 5
3657 3316 8
3318 3317 4
3367 3317 10
3484 3317 1
3537 3317 9
3558 3317 6
3621 3317 1
3337 3318 3
3353 3318 2
3393 3318 8
3394 3318 10
3422 3318 5
3725 3318 10
3474 3319 8
4865 3319 6
3419 3320 6
3498 3320 5
3574 3320 1
3575 3320 1
3678 3320 7
3361 3321 9
3543 3321 1
3547 3321 7
3548 3321 8
3608 3321 6
3329 3322 8
3472 3322 9
3633 3322 4
3699 3322 5
3324 3323 5
3455 3323 3
3669 3323 1
4831 3323 7
3332 3324 9
3346 3324 9
3343 3325 7
3565 3325 4
3573 3326 9
3577 3327 9
3329 3328 2
3714 3328 2
3741 3328 2
3562 3329 5
3743 3329 6
3366 3330 9
3467 3330 4
3473 3330 5
3499 3330 5
3559 3330 9
3583 3330 7
3587 3330 1
3588 3330 8
3332 3331 9
3581 3331 9
3582 3331 10
3706 3331 4
3436 3332 1
3698 3332 7
4604 3332 1
4832 3332 6
3334 3333 2
3617 3333 5
3723 3333 4
4877 3334 7
3630 3335 8
4760 3335 7
3337 3336 5
3352 3337 4
4656 3337 3
3350 3338 2
3430 3338 2
3629 3338 10
3673 3338 1
4866 3338 8
3635 3339 2
3644 3340 5
3343 3341 7
3343 3342 8
3530 3342 1
4876 3342 4
3414 3343 3
4877 3343 7
3574 3344 1
3575 3344 2
3584 3344 3
3639 3344 5
3640 3344 5
3648 3344 10
3649 3344 5
3660 3344 1
3473 3345 9
3648 3345 7
3649 3345 10
3404 3346 9
3623 3346 10
4889 3346 6
3361 3347 4
3710 3347 1
3349 3348 7
3350 3348 7
3403 3348 5
3662 3348 1
3679 3348 3
3730 3348 1
4884 3349 6
3664 3350 9
3674 3351 5
3675 3351 9
3689 3351 8
3701 3351 8
3702 3351 1
3562 3352 5
3599 3352 7
3672 3352 1
3674 3352 5
3675 3352 7
3690 3352 10
3703 3352 4
3362 3353 2
3363 3353 9
3366 3353 8
3613 3353 9
3653 3353 2
4583 3353 3
3424 3354 8
3487 3354 4
3564 3354 1
3656 3354 1
3356 3355 2
3433 3356 3
3438 3356 5
3570 3356 4
3602 3356 4
3639 3356 3
3715 3356 6
3716 3356 4
3717 3356 7
3358 3357 8
3591 3357 8
3684 3357 4
3723 3357 9
3724 3357 2
3360 3359 9
3396 3359 7
3726 3359 4
3727 3359 6
3728 3359 4
3467 3360 7
3726 3360 5
3362 3361 4
3731 3361 5
4678 3361 3
4679 3362 1
4477 3363 3
3476 3364 1
4510 3364 5
3580 3365 8
4571 3365 4
3717 3366 2
3369 3368 7
3370 3369 5
3371 3369 10
4876 3370 6
3524 3371 5
3517 3372 9
3568 3372 6
3609 3372 7
3622 3372 2
4879 3373 10
3432 3374 5
3432 3375 6
3432 3376 1
3433 3377 8
3481 3378 4
3380 3379 5
3381 3379 8
4479 3379 9
4851 3382 6
3741 3383 7
3563 3384 7
3592 3385 7
4851 3386 8
3446 3387 9
4879 3388 3
3581 3390 2
3691 3391 3
3695 3392 5
3710 3395 4
3657 3397 4
3657 3398 3
3626 3399 7
3566 3400 7
3676 3400 5
3402 3401 7
3535 3401 2
3610 3401 7
3403 3402 6
3555 3402 6
3687 3402 10
3748 3404 10
3749 3404 6
3457 3405 6
3683 3405 4
3659 3406 9
3411 3407 5
3411 3408 1
3412 3409 2
3412 3410 3
3412 3411 10
3667 3411 6
3678 3411 1
3713 3411 2
3518 3412 10
3520 3412 1
3677 3412 10
3469 3413 6
3627 3413 3
3685 3414 8
3503 3415 1
3552 3415 5
3469 3416 1
3660 3416 3
3418 3417 2
3431 3417 9
3432 3417 9
3432 3418 2
3566 3419 4
3677 3419 4
3628 3420 2
3533 3421 7
3672 3422 8
3529 3423 5
3554 3423 2
3426 3424 2
3427 3424 4
3427 3425 10
3601 3427 7
3734 3427 2
3609 3428 2
3624 3428 2
3430 3429 1
3620 3430 6
3611 3432 5
3696 3432 4
3696 3433 4
3658 3434 8
3530 3435 6
3565 3435 9
3486 3437 5
3568 3437 3
3666 3438 10
3528 3439 4
3589 3439 6
3591 3440 1
3445 3443 7
3615 3443 4
3741 3444 4
3448 3446 10
3449 3446 6
3738 3446 4
3738 3447 10
3546 3450 3
3711 3450 2
3616 3452 5
3498 3453 2
3455 3454 5
3647 3454 9
4846 3455 9
3622 3456 2
3458 3457 10
3459 3457 8
3664 3457 1
3466 3460 7
3463 3462 6
3464 3463 9
3466 3463 4
3465 3464 2
3469 3468 2
3503 3468 2
3504 3468 4
3528 3468 5
3621 3468 9
3470 3469 9
3471 3469 9
3480 3469 10
3527 3469 3
3592 3469 8
3593 3469 7
3614 3469 5
3615 3469 9
3599 3472 9
3545 3474 4
3711 3477 2
3482 3481 6
3700 3481 3
3537 3483 6
3740 3484 7
3486 3485 6
3685 3485 6
3487 3486 4
3568 3486 8
3488 3487 5
3561 3487 10
3734 3487 2
3680 3488 8
3499 3489 3
3546 3490 8
3738 3490 10
3492 3491 6
3676 3492 4
3728 3492 8
3651 3493 6
3497 3494 7
3500 3494 6
3501 3494 9
3500 3495 6
3502 3495 7
3735 3495 9
3501 3496 7
3502 3496 2
3736 3496 4
3500 3498 1
3501 3498 10
3502 3498 9
3526 3498 1
3627 3498 7
3516 3499 7
3628 3499 7
3551 3504 8
3697 3505 10
3733 3505 2
3507 3506 1
3617 3507 4
3511 3508 6
3514 3509 10
3512 3510 8
3513 3511 8
3513 3512 4
3514 3512 9
3564 3512 5
3739 3512 3
3561 3513 9
3565 3513 1
3551 3515 7
3552 3515 7
3701 3515 8
3702 3515 1
3743 3516 4
3521 3518 5
3585 3518 3
3667 3519 2
3558 3522 6
3572 3523 4
3740 3523 6
3624 3524 8
3526 3525 9
3638 3526 8
3666 3527 6
3532 3531 5
3704 3531 1
3671 3533 6
3707 3534 1
3718 3536 1
3704 3537 8
3539 3538 8
3747 3538 4
3742 3539 9
3655 3540 9
3725 3541 6
3605 3542 3
3654 3542 7
3668 3542 10
3563 3543 1
3718 3543 2
4863 3544 6
3557 3545 3
3618 3546 1
3619 3546 9
3613 3549 6
3707 3550 8
3693 3553 8
3676 3554 5
3652 3555 8
3606 3556 8
3610 3556 5
3709 3557 3
3580 3560 2
3745 3563 8
3565 3564 10
3656 3565 4
3676 3566 6
3720 3567 6
3578 3569 3
3732 3569 2
3589 3570 8
3602 3571 7
3602 3572 8
3590 3573 9
3658 3573 1
3590 3576 1
3578 3577 8
3579 3577 10
3719 3577 8
3732 3577 8
3655 3582 5
3613 3583 9
3626 3584 4
3586 3585 8
3727 3586 2
3625 3591 10
3616 3592 6
3663 3593 7
3727 3595 2
3728 3596 3
3598 3597 1
3694 3598 3
3629 3600 6
3720 3600 10
3739 3601 4
3720 3603 2
3606 3604 3
3661 3604 9
3612 3605 2
3607 3606 10
3710 3608 4
3737 3608 8
3662 3610 8
3670 3612 5
3663 3614 3
3650 3619 8
3706 3620 3
3733 3622 5
3742 3630 3
3632 3631 9
3723 3632 8
3684 3634 1
3723 3634 9
3636 3635 6
3722 3636 10
3638 3637 5
3657 3640 6
3642 3641 1
3679 3642 3
4886 3643 7
4629 3644 7
3646 3645 7
3723 3646 9
3670 3650 2
4886 3650 6
3652 3651 3
3664 3652 10
3687 3659 5
3683 3662 1
3744 3662 5
3727 3665 9
3746 3668 2
3746 3669 1
3703 3671 7
3700 3676 6
3681 3680 6
3682 3680 6
3686 3684 6
3723 3684 5
3724 3686 9
3729 3688 3
3699 3690 1
3692 3691 1
3693 3692 4
3696 3695 5
3698 3697 5
3706 3705 5
3708 3707 1
3709 3708 3
3713 3712 9
3714 3712 8
3738 3721 2
3723 3722 5
3730 3729 2
3749 3748 1
3779 3750 10
3933 3750 7
3763 3751 2
3768 3751 5
3794 3751 2
3763 3752 9
3794 3752 6
3774 3753 5
3805 3753 9
3937 3753 4
3755 3754 6
3756 3754 8
3775 3754 1
3785 3755 8
3779 3756 4
3758 3757 4
3793 3758 5
3931 3758 3
3932 3758 2
3760 3759 9
3793 3759 8
3884 3759 9
3762 3761 3
3785 3762 6
3789 3762 6
3765 3763 3
3789 3763 5
3927 3763 1
3933 3763 3
3936 3763 9
3766 3764 4
3767 3764 8
3790 3764 1
3947 3764 4
4200 3764 7
3802 3767 5
3839 3767 4
3939 3767 4
3839 3768 9
3839 3769 2
3944 3769 2
3771 3770 7
3783 3771 1
3773 3772 7
3784 3772 5
3826 3772 4
3848 3772 5
3796 3774 6
3798 3775 8
3864 3775 7
3777 3776 10
3778 3776 10
3793 3776 9
3810 3776 1
3922 3776 5
3923 3776 10
3798 3777 4
3798 3778 8
3944 3779 10
3782 3780 6
3817 3780 5
3852 3780 8
3856 3780 4
3872 3780 2
3894 3780 10
3782 3781 7
3791 3781 9
3786 3782 10
3799 3782 4
3802 3782 3
3871 3782 3
3871 3783 2
3785 3784 3
3786 3784 3
3837 3784 9
3842 3784 6
3843 3784 4
3869 3784 7
3880 3784 1
3786 3785 5
3798 3785 9
3788 3786 5
3799 3786 7
3906 3786 3
4200 3786 1
3788 3787 4
3858 3787 2
3887 3787 7
3892 3787 10
3897 3787 6
3790 3788 8
3896 3789 3
3936 3789 9
3896 3790 7
3938 3791 4
3793 3792 6
3823 3793 5
3923 3793 8
3795 3794 8
3905 3794 5
3796 3795 2
3803 3796 7
3798 3797 4
3800 3797 1
3855 3797 1
3877 3797 10
3878 3797 5
3888 3797 9
3917 3797 5
3935 3797 7
3801 3798 8
3938 3798 9
3940 3799 9
3941 3799 8
3942 3799 3
3919 3802 10
3804 3803 1
3805 3803 3
3929 3803 3
3937 3803 2
3945 3803 2
3939 3804 9
4200 3804 4
3929 3805 5
3864 3806 8
3865 3806 9
3808 3807 9
3839 3807 7
3845 3808 6
3902 3808 7
3876 3809 2
3895 3809 1
3858 3810 2
3922 3810 9
3931 3810 7
3946 3810 4
3812 3811 2
3822 3811 9
3832 3812 1
3865 3812 9
3814 3813 10
3844 3813 1
3899 3813 10
3839 3814 10
3832 3815 1
3909 3815 4
3820 3816 3
3822 3816 6
3850 3816 10
3818 3817 2
3890 3818 7
3891 3818 10
3881 3819 6
3897 3821 2
3824 3823 2
3882 3823 3
3894 3824 8
3913 3824 6
3914 3824 5
3826 3825 4
3843 3825 5
3904 3826 7
3864 3827 1
3909 3827 10
3919 3827 2
3829 3828 8
3857 3828 6
3945 3828 3
3831 3830 5
3838 3830 4
3896 3830 10
3901 3830 4
3833 3831 10
3896 3831 1
3850 3832 5
3834 3833 1
3920 3834 5
3836 3835 1
3851 3835 5
3856 3835 5
3864 3835 4
3880 3835 2
3908 3837 3
3919 3837 7
3896 3838 8
3840 3839 7
3841 3839 7
3845 3839 2
3863 3839 10
3907 3839 4
3924 3840 3
3844 3841 5
3845 3844 8
3873 3846 1
3874 3846 5
3848 3847 9
3860 3848 6
3896 3849 2
3921 3849 7
3928 3849 7
3852 3851 5
3864 3852 3
3854 3853 6
3857 3854 7
3862 3854 10
3889 3855 1
3913 3856 10
3860 3859 10
3869 3860 1
3903 3861 1
3904 3861 8
3915 3862 8
3902 3863 10
3865 3864 3
3908 3864 5
3867 3866 2
3905 3866 10
3905 3867 8
3907 3867 2
3873 3868 2
3896 3868 6
3871 3870 3
3916 3872 4
3917 3872 5
3896 3873 1
3912 3873 6
3875 3874 6
3930 3874 10
3896 3875 2
3904 3875 6
3879 3876 5
3893 3876 10
3878 3877 8
3917 3878 7
3905 3879 3
3926 3881 9
3883 3882 10
3917 3882 3
3918 3883 9
3911 3884 4
3886 3885 8
3905 3885 9
3905 3886 10
3915 3886 9
3889 3888 1
3891 3888 1
3910 3889 7
3910 3891 8
3903 3892 10
3939 3893 4
3916 3894 5
3905 3895 3
3901 3896 10
3920 3896 10
3921 3896 10
3928 3896 8
3899 3898 7
3924 3898 4
3934 3898 3
3919 3899 3
3901 3900 8
3926 3902 5
3904 3903 8
3928 3904 7
3906 3905 5
4200 3906 8
3926 3909 6
3918 3911 9
3919 3912 3
3923 3914 5
3918 3917 5
3934 3919 8
3925 3924 8
3932 3931 5
3944 3943 10
3974 3948 9
3957 3949 3
3979 3949 4
4013 3949 5
3951 3950 5
3999 3950 2
3976 3951 10
3976 3952 10
3981 3952 9
4041 3953 10
3984 3954 7
4001 3954 9
3967 3955 8
3996 3955 3
4063 3955 4
4065 3955 2
3970 3956 6
4056 3956 2
4057 3956 8
3958 3957 9
3964 3957 9
3966 3958 4
3980 3958 2
3990 3958 10
4009 3958 10
4032 3958 10
3960 3959 6
4000 3959 10
4017 3959 4
3980 3960 8
3998 3960 3
4009 3960 7
4012 3960 3
3963 3961 8
4024 3961 4
4035 3961 9
3963 3962 5
4046 3962 7
4005 3963 7
4048 3963 10
4000 3964 5
3966 3965 3
4003 3966 1
3986 3967 7
4042 3967 10
4064 3967 4
4065 3967 9
3970 3968 6
3970 3969 2
3972 3970 9
3972 3971 7
3973 3971 9
4030 3972 5
4073 3972 1
3993 3973 9
4006 3973 5
3985 3974 8
3996 3974 6
4079 3975 2
3995 3976 6
3980 3977 10
3980 3978 3
3980 3979 4
3981 3980 9
4021 3980 2
4028 3980 8
3984 3982 10
4039 3982 1
4036 3983 2
4068 3983 10
4001 3984 6
3986 3985 3
3987 3986 3
3988 3986 2
4079 3987 4
4007 3989 7
4049 3989 2
3992 3991 2
4026 3991 1
4004 3992 2
4013 3993 7
4014 3993 7
4022 3993 10
4034 3994 5
4069 3995 6
4066 3996 3
3998 3997 2
4017 3997 7
4051 3999 1
4002 4001 3
4021 4001 6
4030 4001 3
4031 4002 10
4021 4003 7
4048 4003 3
4035 4004 2
4037 4005 2
4029 4006 5
4008 4007 3
4050 4008 2
4057 4008 2
4019 4010 10
4038 4010 3
4047 4010 5
4080 4010 7
4037 4011 8
4048 4011 3
4018 4012 8
4029 4013 7
4030 4015 2
4039 4015 6
4026 4016 10
4034 4016 1
4059 4016 1
4038 4019 4
4021 4020 8
4035 4023 6
4027 4025 6
4034 4027 1
4030 4029 9
4032 4030 8
4033 4030 9
4081 4030 1
4032 4031 10
4040 4031 6
4042 4031 2
4035 4034 3
4058 4035 3
4039 4037 4
4040 4037 5
4081 4037 8
4039 4038 3
4081 4039 3
4042 4041 1
4050 4041 4
4043 4042 9
4044 4042 10
4067 4042 5
4046 4045 6
4047 4046 6
4081 4048 4
4050 4049 8
4054 4051 3
4053 4052 3
4054 4052 2
4070 4053 10
4071 4053 10
4056 4055 6
4059 4058 7
4061 4060 2
4062 4060 3
4064 4061 7
4066 4061 2
4072 4061 10
4063 4062 7
4067 4066 4
4069 4068 3
4106 4070 5
4106 4071 10
4074 4073 2
4075 4074 2
4076 4074 2
4077 4074 10
4079 4078 10
4081 4080 7
4087 4082 1
4085 4083 7
4085 4084 9
4087 4085 3
4091 4085 10
4100 4085 1
4087 4086 5
4091 4087 7
4163 4087 9
4167 4088 8
4173 4088 3
4219 4088 9
4268 4088 5
4090 4089 10
4300 4089 6
4188 4090 2
4189 4090 5
4122 4091 5
4161 4091 6
4218 4091 8
4093 4092 2
4117 4093 6
4190 4093 7
4209 4093 8
4103 4094 5
4286 4094 7
4153 4095 5
4280 4095 8
4106 4096 6
4107 4097 8
4137 4098 5
4201 4098 1
4223 4098 6
4246 4098 6
4247 4098 2
4148 4099 5
4282 4099 1
4283 4099 4
4284 4099 6
4111 4100 10
4173 4100 3
4102 4101 9
4242 4101 1
4245 4101 3
4261 4101 8
4207 4102 3
4228 4102 1
4318 4102 1
4152 4103 6
4306 4103 1
4307 4103 9
4105 4104 1
4153 4104 3
4226 4104 9
4107 4106 5
4108 4107 10
4110 4107 7
4145 4107 5
4148 4107 7
4185 4108 9
4110 4109 5
4122 4111 4
4139 4111 6
4157 4111 7
4244 4111 9
4113 4112 6
4174 4112 3
4202 4112 6
4222 4112 10
4269 4112 10
4214 4113 7
4115 4114 10
4149 4115 7
4150 4115 2
4321 4115 4
4173 4116 4
4188 4116 10
4212 4116 10
4119 4118 1
4240 4118 10
4241 4118 10
4125 4119 10
4155 4119 4
4160 4119 9
4121 4120 5
4164 4120 10
4286 4120 3
4459 4120 1
4165 4121 8
4180 4121 9
4144 4122 3
4151 4122 6
4203 4122 1
4125 4123 3
4125 4124 1
4129 4126 10
4129 4127 3
4129 4128 2
4253 4128 1
4187 4129 5
4202 4129 8
4222 4129 2
4318 4129 4
4324 4130 3
4325 4130 7
4132 4131 3
4197 4132 8
4134 4133 5
4157 4133 2
4212 4134 4
4136 4135 6
4139 4135 10
4159 4135 2
4223 4137 4
4139 4138 8
4158 4138 10
4239 4138 3
4260 4138 3
4155 4139 8
4163 4139 1
4225 4139 4
4152 4140 1
4176 4140 5
4144 4141 8
4144 4142 6
4144 4143 2
4147 4145 3
4147 4146 9
4152 4148 2
4172 4148 9
4205 4148 8
4326 4149 2
4174 4150 6
4327 4150 7
4203 4151 1
4153 4152 1
4210 4152 3
4213 4152 7
4216 4152 5
4164 4153 10
4166 4153 7
4155 4154 6
4254 4154 10
4157 4155 1
4160 4155 1
4194 4155 9
4157 4156 1
4243 4156 1
4250 4156 5
4259 4156 6
4195 4157 6
4224 4158 9
4229 4158 1
4230 4158 9
4234 4158 2
4163 4159 10
4231 4159 6
4232 4159 5
4233 4159 3
4207 4161 4
4218 4161 1
4270 4161 7
4163 4162 6
4252 4162 6
4173 4163 7
4194 4163 3
4165 4164 6
4217 4164 3
4175 4165 8
4180 4165 3
4208 4165 4
4220 4165 2
4289 4166 9
4290 4166 10
4182 4167 7
4189 4167 4
4209 4167 3
4215 4167 9
4169 4168 6
4170 4168 1
4197 4168 3
4172 4171 5
4205 4172 3
4194 4173 7
4195 4173 2
4219 4173 10
4208 4175 4
4318 4175 1
4177 4176 2
4281 4176 1
4180 4178 2
4180 4179 6
4183 4181 3
4188 4181 7
4197 4181 9
4291 4181 3
4211 4182 8
4296 4182 10
4297 4182 4
4298 4182 4
4299 4182 9
4184 4183 10
4227 4183 2
4186 4185 8
4301 4187 8
4318 4187 3
4189 4188 4
4197 4188 2
4204 4188 5
4212 4188 1
4219 4188 10
4285 4189 5
4215 4190 3
4194 4191 1
4194 4192 3
4194 4193 10
4235 4194 3
4219 4195 6
4197 4196 1
4255 4196 8
4258 4196 1
4267 4196 1
4200 4198 3
4200 4199 8
4203 4200 1
4207 4200 8
4228 4200 10
4222 4202 7
4305 4203 10
4236 4204 4
4237 4204 9
4257 4204 3
4262 4204 8
4263 4204 10
4287 4205 5
4288 4205 10
4219 4206 3
4208 4207 2
4218 4207 4
4214 4208 4
4309 4210 7
4310 4210 6
4311 4210 5
4312 4210 6
4313 4210 6
4314 4211 6
4315 4211 3
4316 4211 9
4317 4211 4
4306 4213 7
4265 4215 1
4217 4216 6
4220 4219 6
4302 4219 9
4222 4221 1
4223 4222 10
4318 4222 6
4271 4225 8
4272 4225 6
4273 4225 8
4274 4225 3
4275 4225 2
4276 4225 2
4244 4238 10
4248 4247 9
4249 4247 4
4266 4251 3
4265 4256 10
4265 4264 2
4280 4277 6
4280 4278 6
4280 4279 2
4292 4280 7
4322 4285 5
4323 4285 6
4293 4292 6
4294 4292 8
4295 4292 10
4319 4300 9
4320 4300 7
4303 4302 3
4304 4302 6
4308 4306 7
4343 4328 5
4376 4328 8
4388 4328 8
4393 4328 6
4411 4328 1
4332 4329 5
4347 4329 3
4332 4330 3
4378 4330 8
4402 4331 2
4408 4332 6
4336 4333 2
4337 4333 8
4341 4333 3
4348 4333 6
4382 4333 3
4386 4333 8
4392 4333 5
4399 4333 6
4401 4333 6
4403 4333 8
4414 4333 10
4341 4334 7
4356 4334 10
4358 4334 6
4360 4334 3
4384 4334 5
4392 4334 9
4396 4334 4
4336 4335 9
4348 4336 3
4382 4336 10
4399 4336 2
4403 4336 10
4343 4337 5
4346 4337 2
4347 4337 3
4348 4337 10
4362 4337 6
4374 4337 8
4382 4337 9
4396 4337 4
4387 4338 9
4403 4338 5
4343 4339 9
4341 4340 5
4358 4341 4
4396 4341 5
4401 4341 4
4375 4342 4
4377 4342 4
4346 4343 5
4366 4343 5
4369 4343 2
4376 4343 1
4405 4343 10
4412 4343 10
4346 4344 10
4362 4344 4
4374 4344 9
4400 4344 6
4353 4345 1
4385 4345 10
4386 4345 9
4402 4345 8
4409 4345 7
4414 4345 10
4347 4346 7
4348 4346 7
4362 4346 5
4366 4346 8
4369 4346 5
4374 4346 9
4382 4346 6
4396 4346 5
4407 4346 4
4410 4346 4
4420 4346 3
4358 4347 7
4361 4347 9
4378 4347 8
4382 4347 6
4408 4347 9
4418 4347 5
4419 4347 7
4382 4348 2
4399 4348 3
4403 4348 7
4418 4349 8
4403 4350 6
4352 4351 4
4360 4352 2
4417 4352 6
4364 4353 9
4375 4353 9
4377 4353 2
4382 4353 8
4385 4353 10
4393 4353 10
4399 4353 5
4402 4353 2
4409 4353 2
4414 4353 3
4378 4354 9
4397 4354 6
4413 4354 2
4405 4355 2
4411 4355 5
4392 4356 1
4404 4356 5
4358 4357 3
4378 4358 9
4408 4358 3
4418 4358 9
4360 4359 3
4365 4359 9
4417 4359 4
4365 4360 2
4372 4360 10
4373 4360 9
4381 4360 9
4384 4360 10
4389 4360 5
4417 4360 4
4410 4361 3
4373 4362 1
4374 4362 8
4396 4362 4
4406 4362 1
4407 4362 3
4419 4362 6
4420 4362 8
4364 4363 3
4370 4364 1
4371 4364 4
4372 4365 10
4373 4365 1
4374 4365 6
4384 4365 2
4369 4366 5
4373 4366 9
4374 4366 10
4400 4366 9
4368 4367 2
4369 4368 2
4375 4368 5
4377 4368 6
4393 4368 5
4405 4368 9
4376 4369 6
4405 4369 10
4412 4369 9
4375 4370 6
4393 4370 6
4375 4371 3
4393 4371 1
4373 4372 3
4381 4372 9
4398 4372 5
4417 4372 3
4374 4373 9
4392 4373 2
4396 4373 10
4396 4374 5
4397 4374 2
4406 4374 8
4413 4374 3
4377 4375 1
4385 4375 7
4393 4375 6
4382 4376 9
4385 4377 1
4393 4377 1
4416 4379 1
4381 4380 8
4417 4381 7
4399 4382 3
4403 4382 3
4409 4382 3
4398 4383 10
4400 4383 10
4392 4384 10
4396 4384 1
4404 4384 3
4386 4385 6
4387 4385 8
4393 4385 5
4402 4385 1
4403 4385 9
4409 4385 10
4414 4385 1
4414 4386 3
4403 4387 10
4416 4387 10
4392 4390 10
4392 4391 10
4396 4392 4
4397 4392 10
4402 4393 4
4411 4393 5
4396 4394 8
4397 4395 8
4397 4396 10
4403 4399 4
4403 4402 4
4409 4402 2
4414 4402 7
4411 4405 4
4415 4405 10
4414 4409 1
4422 4421 9
4436 4422 4
4437 4422 5
4443 4422 8
4425 4423 4
4433 4423 2
4431 4427 8
4430 4428 3
4444 4428 3
4434 4432 9
4436 4433 1
4436 4435 5
4437 4436 9
4440 4437 6
4443 4437 9
4440 4438 5
4442 4438 3
4440 4439 9
4442 4440 10
4442 4441 10
4443 4442 1
4444 4443 3
4459 4445 5
4463 4445 1
4449 4446 10
4462 4447 9
4449 4448 2
4459 4449 9
4463 4450 5
4463 4451 2
4455 4452 4
4455 4453 4
4456 4454 2
4459 4455 2
4457 4456 2
4459 4456 4
4459 4458 7
4460 4459 5
4464 4459 1
4465 4459 2
4466 4459 8
4467 4459 9
4462 4461 5
4486 4468 5
4554 4468 8
4486 4469 9
4614 4469 9
4508 4470 10
4527 4470 3
4603 4470 9
4627 4470 10
4797 4470 7
4640 4471 4
4677 4471 2
4767 4471 9
4476 4472 9
4591 4472 4
4672 4473 4
4475 4474 2
4509 4474 3
4606 4474 7
4618 4474 2
4647 4474 3
4477 4475 6
4653 4475 8
4868 4475 3
4560 4476 4
4478 4477 10
4629 4477 7
4663 4477 7
4679 4477 3
4575 4478 10
4833 4478 5
4480 4479 10
4486 4479 7
4656 4480 9
4482 4481 9
4486 4481 1
4656 4482 3
4484 4483 7
4591 4483 8
4773 4483 2
4502 4484 1
4877 4484 3
4541 4485 3
4689 4485 1
4497 4486 8
4531 4486 4
4602 4486 1
4488 4487 2
4534 4487 2
4551 4487 1
4589 4488 7
4704 4488 5
4530 4489 6
4563 4489 8
4510 4490 7
4611 4490 10
4501 4491 3
4649 4491 10
4493 4492 1
4581 4492 3
4585 4492 9
4670 4492 2
4544 4493 3
4583 4493 2
4511 4494 6
4617 4494 9
4661 4494 8
4798 4494 3
4597 4495 7
4703 4495 7
4554 4496 8
4660 4496 4
4768 4497 4
4548 4498 4
4607 4498 8
4799 4498 7
4500 4499 4
4501 4499 10
4675 4500 4
4502 4501 8
4765 4501 7
4766 4501 10
4504 4503 10
4562 4504 4
4618 4504 5
4523 4505 10
4590 4505 7
4507 4506 7
4601 4506 4
4547 4507 5
4661 4507 3
4536 4508 7
4543 4509 1
4576 4509 1
4637 4509 9
4665 4510 5
4627 4511 5
4644 4512 3
4703 4512 7
4519 4513 7
4608 4513 8
4614 4513 7
4697 4513 6
4515 4514 10
4582 4514 1
4599 4514 5
4586 4516 5
4670 4516 2
4518 4517 4
4555 4517 4
4615 4517 8
4662 4518 9
4692 4519 8
4779 4519 7
4783 4519 6
4521 4520 4
4598 4520 5
4522 4521 10
4593 4521 8
4621 4521 10
4700 4521 8
4801 4521 10
4802 4521 10
4803 4521 8
4555 4523 2
4621 4523 7
4769 4523 7
4546 4524 5
4655 4524 8
4580 4525 3
4660 4525 7
4687 4526 6
4760 4526 9
4804 4527 1
4805 4527 2
4529 4528 2
4546 4529 1
4677 4529 2
4768 4530 5
4688 4531 4
4543 4532 8
4612 4532 1
4651 4532 5
4597 4533 5
4652 4533 1
4827 4533 8
4548 4534 3
4536 4535 2
4542 4535 6
4619 4535 6
4674 4535 3
4723 4535 6
4632 4537 9
4568 4538 7
4687 4538 5
4862 4538 9
4867 4538 10
4598 4539 9
4772 4539 5
4806 4539 9
4807 4539 7
4808 4539 3
4764 4540 6
4809 4540 9
4810 4540 2
4589 4541 4
4790 4541 2
4652 4542 8
4817 4542 5
4676 4543 5
4800 4543 5
4663 4544 5
4580 4545 4
4701 4547 6
4607 4548 3
4550 4549 1
4639 4549 1
4577 4550 1
4649 4550 4
4625 4551 6
4585 4552 10
4587 4552 10
4628 4553 9
4653 4553 8
4720 4553 3
4569 4554 2
4667 4555 8
4702 4555 3
4580 4556 1
4593 4556 9
4649 4557 5
4671 4557 3
4562 4558 8
4644 4558 2
4701 4559 10
4623 4561 8
4678 4561 3
4812 4562 9
4613 4563 6
4623 4563 6
4680 4563 4
4685 4564 7
4566 4565 3
4603 4565 2
4814 4565 2
4815 4565 10
4816 4565 4
4603 4566 2
4641 4566 6
4568 4567 4
4764 4567 3
4668 4568 5
4680 4569 5
4638 4570 1
4652 4570 10
4572 4571 8
4615 4571 6
4622 4571 2
4762 4571 1
4629 4572 9
4574 4573 6
4575 4574 10
4653 4574 1
4595 4575 1
4596 4575 7
4657 4575 2
4821 4576 1
4622 4578 7
4662 4578 8
4723 4579 2
4599 4580 9
4583 4582 7
4660 4582 1
4623 4584 9
4624 4584 4
4588 4586 9
4590 4586 8
4590 4587 7
4695 4589 6
4789 4589 6
4658 4591 8
4666 4592 7
4724 4592 6
4636 4593 7
4612 4594 9
4821 4600 7
4625 4601 10
4655 4602 5
4612 4603 10
4642 4603 9
4821 4603 5
4606 4605 7
4620 4606 5
4704 4607 9
4609 4608 5
4631 4608 5
4645 4609 10
4656 4609 2
4691 4609 10
4687 4610 7
4774 4610 10
4637 4611 7
4644 4616 7
4655 4616 2
4684 4617 7
4792 4617 4
4626 4620 4
4638 4620 10
4777 4621 10
4634 4622 9
4787 4627 4
4650 4628 3
4734 4628 1
4663 4629 3
4654 4630 1
4673 4631 5
4744 4633 6
4665 4634 1
4684 4635 3
4643 4638 1
4690 4640 3
4642 4641 2
4822 4641 5
4646 4642 3
4645 4644 1
4653 4645 3
4669 4646 9
4676 4647 2
4675 4648 5
4740 4650 1
4751 4650 8
4754 4650 5
4653 4652 6
4724 4652 10
4827 4652 8
4655 4654 6
4657 4656 10
4688 4658 2
4661 4659 7
4701 4659 3
4689 4661 4
4663 4662 7
4665 4664 2
4687 4668 10
4780 4668 5
4690 4671 5
4828 4671 3
4675 4672 4
4677 4673 5
4824 4674 1
4800 4676 4
4679 4678 6
4685 4678 5
4827 4681 9
4772 4682 8
4826 4682 4
4684 4683 2
4687 4686 6
4772 4686 5
4691 4690 10
4692 4690 6
4782 4692 9
4695 4693 1
4696 4694 9
4696 4695 9
4928 4696 9
4700 4698 3
4819 4698 2
4700 4699 1
4794 4704 2
4712 4705 5
4747 4705 8
4715 4706 7
4746 4706 4
4717 4707 2
4720 4707 7
4714 4708 5
4717 4708 4
4729 4709 2
4730 4709 2
4734 4709 1
4747 4709 10
4753 4709 6
4729 4710 10
4730 4710 4
4715 4711 10
4725 4711 4
4736 4712 9
4728 4713 2
4729 4713 3
4733 4714 9
4728 4716 8
4752 4716 2
4721 4718 4
4729 4718 2
4732 4719 9
4738 4719 4
4733 4720 1
4737 4721 5
4740 4722 6
4752 4722 4
4756 4722 3
4724 4723 9
4736 4725 2
4728 4726 6
4755 4726 6
4750 4727 5
4757 4727 3
4785 4727 4
4737 4728 6
4775 4728 1
4776 4728 10
4749 4729 4
4749 4731 2
4752 4731 4
4739 4732 7
4741 4734 4
4746 4734 5
4758 4734 9
4739 4735 6
4745 4735 10
4740 4738 5
4743 4740 7
4748 4741 3
4743 4742 8
4748 4742 6
4752 4745 9
4755 4750 6
4785 4750 5
4752 4751 2
4755 4754 1
4759 4756 9
4813 4756 6
4762 4761 9
4778 4762 3
4769 4763 7
4770 4768 1
4771 4770 2
4781 4780 6
4825 4781 3
4828 4783 10
4785 4784 7
4787 4786 8
4795 4788 1
4793 4789 2
4792 4791 3
4794 4793 7
4796 4793 4
4795 4794 4
4823 4799 1
4824 4811 4
4818 4817 4
4821 4820 9
4867 4829 5
4885 4829 8
4898 4829 7
4867 4830 5
4875 4830 6
4832 4831 8
4846 4831 10
4900 4832 10
4838 4833 7
4842 4833 6
4890 4833 1
4897 4834 5
4899 4834 5
4848 4835 8
4917 4835 6
4924 4835 1
4837 4836 10
4838 4837 4
4850 4837 7
4885 4837 7
4898 4837 1
4882 4839 4
4891 4839 9
4905 4839 4
4904 4840 3
4905 4840 2
4842 4841 1
4843 4841 2
4844 4841 8
4868 4841 3
4845 4842 9
4888 4842 6
4849 4847 4
4849 4848 6
4879 4848 5
4874 4849 3
4884 4849 8
4901 4849 8
4909 4851 7
4910 4851 4
4923 4851 5
4856 4852 2
4893 4852 6
4861 4853 3
4883 4853 8
4855 4854 10
4898 4855 3
4860 4857 4
4872 4857 7
4860 4858 10
4861 4859 3
4861 4860 4
4868 4862 7
4864 4863 10
4879 4863 6
4878 4864 4
4880 4865 2
4888 4865 6
4924 4866 10
4868 4867 4
4869 4868 4
4870 4868 4
4926 4868 2
4881 4871 3
4914 4871 7
4894 4872 2
4874 4873 4
4891 4873 1
4906 4873 3
4918 4873 6
4892 4874 3
4885 4875 10
4886 4875 4
4877 4876 1
4884 4877 6
4886 4878 10
4880 4879 9
4882 4879 1
4915 4879 1
4921 4879 2
4925 4879 8
4903 4880 1
4901 4881 7
4916 4881 7
4887 4886 6
4888 4887 10
4889 4887 2
4890 4888 10
4890 4889 6
4901 4889 1
4894 4892 3
4894 4893 4
4895 4894 8
4926 4896 5
4927 4897 2
4900 4899 5
4927 4899 7
4926 4900 9
4903 4902 3
4908 4902 8
4910 4902 3
4922 4902 10
4906 4904 3
4908 4907 10
4909 4907 1
4920 4909 6
4915 4911 10
4925 4911 4
4922 4912 5
4924 4913 9
4919 4914 7
4923 4918 2
4925 4919 1
4929 4928 9
4930 4929 2
4939 4930 7
4932 4931 4
4938 4931 6
4935 4933 7
4936 4933 8
4935 4934 3
4940 4934 7
4938 4936 5
4939 4937 10
4941 4940 10
